	Astro	CR	Endo	L2/3 IT	L4	L5 IT	L5 PT	L6 CT	L6 IT	L6b	Lamp5	Macrophage	Meis2	NP	Oligo	Peri	Pvalb	SMC	Serpinf1	Sncg	Sst	VLMC	Vip
priorregion1_spot_1	0.04112176349022494	0.04373086879300586	0.04486589648702474	0.044941878933551886	0.042714841330036335	0.042104299072389335	0.042308480696287426	0.04399435067972064	0.040148604228769195	0.045589412333529054	0.044785079975405546	0.043376362784785266	0.041311775597996786	0.0439557108547238	0.0482729846353091	0.040809606638652816	0.04426527002978891	0.04020896383354721	0.04694680130002773	0.043606136998813896	0.041035889765091295	0.045757734905078784	0.044147286636239486
priorregion1_spot_2	0.04511950523454955	0.04724052082195086	0.04400820660180538	0.04640582892086203	0.0431187491888169	0.04326896556416831	0.037819013041529556	0.047571970536560704	0.04052913728614967	0.0457668378746534	0.04475152750983621	0.044007921997614406	0.04040931810626648	0.04376510650911444	0.047322529234159215	0.04268064384976981	0.042376543048491096	0.040093694504935024	0.038715503195328724	0.043149502751137415	0.04591386815093858	0.041893977478808804	0.044071128592553396
priorregion1_spot_3	0.04294845350047878	0.041715918558543105	0.044097207024597504	0.04600100594631552	0.04548204489871595	0.041971253649737264	0.041937195338207466	0.04139666544444023	0.045879426493631546	0.045000680667273626	0.0425091766978624	0.04326306631482402	0.042318336292952445	0.044455014788634506	0.044869615306553465	0.04208143725256693	0.0469016101774722	0.041483485591959225	0.04363101272076054	0.04125902366735281	0.04199969665052562	0.046652687092236106	0.04214598592435863
priorregion1_spot_4	0.04106111199203136	0.044293372825797823	0.04204414686712981	0.04142701318855111	0.04473786971306221	0.04297782309584354	0.04615844822982675	0.04493784399625406	0.04307415490410022	0.04119887894340057	0.044895328557966546	0.043913996452958015	0.04631908209839403	0.04155282219600586	0.04217824804364507	0.04381481973354168	0.04043778087288012	0.04587128488929027	0.04361568800026697	0.043996498876588186	0.04598071919211147	0.04201542627615094	0.043497641054203236
priorregion1_spot_5	0.04089531656078275	0.04171456998050717	0.04250269084358891	0.040384596961011786	0.04165919589754672	0.043046605558964245	0.04833174247674493	0.04594548592829107	0.04349687593069327	0.041290149514407445	0.04216675124019545	0.04303615692693935	0.046575413935833046	0.04367241011529716	0.04409974649808655	0.04349266747705428	0.0450693367154389	0.04270789837645492	0.04146957047678803	0.04379788286881161	0.04144488893789177	0.04600732769614107	0.047192719082529505
priorregion1_spot_6	0.04242327040994545	0.04157778863901895	0.047306008467043255	0.04229864473207369	0.04494730440702273	0.04115695768816744	0.042199126872088544	0.041737748922026474	0.04726478190918672	0.046021050253063654	0.04168234289227849	0.04433012989659222	0.04652961760291431	0.0457208401470563	0.04163344726250825	0.04072716047431779	0.0423147512497658	0.04276572804141537	0.043917172537103026	0.04294043653964156	0.04368467059086417	0.04179169561180448	0.04502932485410149
priorregion1_spot_7	0.04500170296336701	0.04389592786041993	0.04341130656695897	0.043354010435772285	0.04106642668883791	0.044750023611709766	0.04649635770209071	0.04135432350174188	0.04153494825641752	0.04827010774449601	0.04232826896762005	0.04267577629820311	0.03902760202967559	0.04532691416876515	0.044552668823219926	0.04510239424846194	0.04753317190533696	0.04351591651067509	0.040646307721521856	0.043058729084967856	0.038785676163950615	0.04570088303160865	0.04261055571418124
priorregion1_spot_8	0.04593514790034143	0.04225020938805044	0.04276252503848265	0.044664889330838266	0.04306793194325376	0.045198380296578265	0.042150117190495995	0.046095950122198456	0.040805327740317754	0.04331192763847467	0.04432728780091147	0.04281385611113618	0.04027450415353789	0.04366435787874034	0.044112332195848473	0.04545866537163448	0.03961502984476811	0.04439372949551253	0.044666392327006824	0.04108937405076348	0.04260569912795571	0.044205381394885127	0.04653098365826766
priorregion1_spot_9	0.04065359558997134	0.044842111683322354	0.04393956689546468	0.04022039459127213	0.0441027155030877	0.042117302173041035	0.04467813118972893	0.04597485074354616	0.04171834768314508	0.039776321953193604	0.044426892776813366	0.04364372684383755	0.03963667291743694	0.04447688799729057	0.04312467746568096	0.04392582146818759	0.04471351450208751	0.04526339756478577	0.045316584363255835	0.046341544309334175	0.04474402717840655	0.04372848025539769	0.042634434351712616
priorregion1_spot_10	0.045404370573046395	0.041030441179727276	0.0442176118224362	0.045829482214861314	0.04345020499193182	0.04557753938791417	0.03985315406238785	0.04474250164329605	0.040186861211477805	0.04693349814515198	0.04515428083838208	0.041345605951996926	0.04286463192126981	0.03918824491589446	0.04295315082614421	0.04453568427239819	0.04675005591757097	0.04172549068811882	0.044882886678532415	0.04487568457196918	0.044526885970230634	0.04168663383828192	0.042285098376979476
priorregion1_spot_11	0.04226134837010983	0.041774058291359085	0.04403607727889939	0.04381061556843171	0.04079978118255066	0.04381949277705639	0.04172247565642231	0.044619361289768074	0.047193263002710484	0.046006123514313456	0.04479072962316982	0.042837789345973716	0.04180295137737281	0.044573309293479815	0.04421366788627337	0.04329730403442819	0.042938524523773544	0.04141589302456082	0.04310724688364011	0.040426809706084275	0.04413904296025197	0.044141783432841995	0.04627235097652818
priorregion1_spot_12	0.04589790296556576	0.039191038873897834	0.0466246160912435	0.04174655875771934	0.04212976231797109	0.043482074968921355	0.039123548768738484	0.039704314511312816	0.0418942202220148	0.04837647828493077	0.03989909110705635	0.043199410374405854	0.04723435668193395	0.03864452528672003	0.0444685557076895	0.04577157747370148	0.04543659329300101	0.0453654851177037	0.04406457280118164	0.04398331520243625	0.04237166304940964	0.044629142359197245	0.04676119578324763
priorregion1_spot_13	0.04541959664364748	0.04211049365979394	0.04496950360727599	0.04432655916390123	0.043963425092579535	0.04358579693156308	0.0414220550514459	0.04412382184029594	0.0421631078821218	0.04341549993636772	0.045778229227293576	0.04000785147346669	0.042066490702181186	0.044056241405494447	0.040863825198561785	0.045229534980686534	0.04712333011287744	0.041774852579702114	0.0461275968990046	0.04573387038623707	0.044378913838124694	0.03854609884199444	0.04281330454538283
priorregion1_spot_14	0.03891018439354428	0.039276800964049084	0.041698090395555845	0.046584937034475034	0.04361502593578925	0.043985853182953574	0.04092920750900103	0.04513423579894133	0.04322012769435711	0.04624608280998242	0.045465956823464715	0.045541225614845644	0.048667872873958254	0.04096044827541521	0.04512228970046261	0.04419201217083044	0.04219729411157512	0.043293500421532946	0.0399904858700285	0.041859459031751686	0.041428790762947344	0.04643487814087596	0.045245240483662484
priorregion1_spot_15	0.04407213381385108	0.04424216362680129	0.042720389445101536	0.04618136271564608	0.043213210048938085	0.04089523975273634	0.04301533513387984	0.04328625189111068	0.04627816578664933	0.04829353554341387	0.045548599511709614	0.042333321865259795	0.04261008306318485	0.04206053199292338	0.04495691541025368	0.04583313534319088	0.0436915996273411	0.04268453577102709	0.043082946550070396	0.044462909840037035	0.0399764599112995	0.040603369027597015	0.039957804327977645
priorregion1_spot_16	0.04697513094419456	0.04858316238676885	0.043681199854870824	0.041420348129802644	0.04159787644949981	0.040679647187524356	0.04313971856935807	0.04432009673237374	0.04345796420515312	0.045631053833610706	0.04221054306456996	0.03966265807247083	0.04240055894833935	0.04501989501504063	0.04378039634749937	0.04340902378003425	0.043421600470906103	0.042143085524732664	0.04218323510377109	0.05013716745290622	0.04291380911565162	0.04320955554944224	0.04002227326147899
