Bcell	astrocyte	dendriticcell	endothelialcell	macrophage	malignantcell	mastcell	matureTcell	microglialcell	monocyte	muralcell	naturalkillercell	neuron	oligodendrocyte	oligodendrocyteprecursorcell	plasmacell	radialglialcell
AAACAAGTATCTCCCA-1	0.0201367007806575	0.0923563534628103	3.6718494734956e-05	0.0100315952183451	3.67184947349515e-05	0.631420326609364	3.6718495039087e-05	3.67184947349555e-05	0.0560609484847307	3.67184947349548e-05	0.00568183949118014	3.67184950199696e-05	0.0379149708292908	0.0238838933092874	0.00473980799645752	3.67185071413199e-05	0.117516534341736
AAACACCAATAACTGC-1	0.00624184316877167	0.0676756955553862	0.0113748637594029	0.0161442993401207	5.06556953063601e-05	0.554907535560655	0.00163204951176142	5.06556953063638e-05	0.0527992241548292	5.06556953063545e-05	5.06556953063634e-05	5.06556952909133e-05	0.165791609332066	0.0516392925387724	0.0212156457761355	5.0655695715327e-05	0.0502740071298668
AAACAGAGCGACTCCT-1	3.41598418520189e-05	0.06755448855494	3.41598418518971e-05	0.016451200636702	3.41598418520293e-05	0.795847296179193	3.415984414569e-05	3.41598418773586e-05	0.0251668572363905	3.41598418520288e-05	0.0187394329085614	3.41598418520233e-05	0.00614528525509558	0.00835324074191225	0.06141943888743	3.41598663531301e-05	4.94808381391486e-05
AAACAGCTTTCAGAAG-1	5.03491602258386e-05	0.060288093598471	5.03491602258338e-05	0.00852746745504296	5.03491602258411e-05	0.726021266502812	5.03491603490838e-05	5.03491602258396e-05	0.0739565977235051	5.03491602258235e-05	0.0164728581802952	5.03491601571521e-05	5.60727282809593e-05	0.0695583830837189	0.0446449644684374	5.03491411285252e-05	7.15029966731526e-05
AAACAGGGTCTATATT-1	5.09429615436939e-05	0.046929590641932	0.00327487940281893	0.00591139848388847	0.00934407995167155	0.635250876986517	5.09429595749548e-05	5.09429615436869e-05	0.0788803022813397	5.09429615436868e-05	5.09429615436858e-05	5.09429614468933e-05	0.121836985643997	0.0678170667741807	0.0187217091484616	5.09429801024396e-05	0.0116765099378936
AAACAGTGTTCCTGGG-1	0.00530211288988768	0.0806472323376239	4.98070154103511e-05	0.00941311425033897	4.98070154105072e-05	0.670857558167154	0.000367399800752643	4.98070154105222e-05	0.0476660547025391	0.00736707369751945	4.98070154105221e-05	4.98070154639922e-05	0.0894260433727595	0.010467940147067	0.0074637176012116	4.98070166761931e-05	0.070722910939364
AAACATTTCCCGGATT-1	5.23798113166691e-05	0.11945047837132	5.23798113148387e-05	0.00794086400248289	5.23798113166582e-05	0.650435290845919	0.00163145715442458	5.23798113166751e-05	0.0670143302024353	5.23798113166753e-05	5.23798113166753e-05	5.237981129952e-05	0.0748830329460546	0.0065705602992384	0.0258589824294492	5.23798135812668e-05	0.0457959652558977
AAACCGGGTAGGTACC-1	4.87786902412722e-05	0.0408051052698769	4.87786902409982e-05	0.00692716147748384	4.87786902412677e-05	0.746954929051167	4.87786907783127e-05	0.0172223466712681	0.0737121455223975	4.87786902412608e-05	4.87786902412689e-05	4.87786902412686e-05	5.10453914325142e-05	0.0614263042327751	0.0524481607608234	4.87786779444008e-05	6.2572112605637e-05
AAACCGTTCGTCCAGG-1	7.18372404444961e-05	0.128558509276658	0.0506905381361968	0.0717650378797593	7.18372404444963e-05	0.539411675738345	7.18372439125087e-05	7.18372404445036e-05	0.0798883826172923	7.18372404444983e-05	0.000561156755007414	7.18372405504027e-05	0.0731877991238946	0.0370143856379751	0.000415283226547496	7.18372389742951e-05	0.0180043709231085
AAACCTAAGCAGCCGG-1	5.18065719428416e-05	0.122436287404217	5.18065719425185e-05	0.0366820690776896	5.18065719428406e-05	0.605394971494446	0.000583865311833092	5.18065719428424e-05	0.0474699238122385	5.18065719428418e-05	5.18065719428419e-05	5.1806571932346e-05	0.152992442483389	0.000763040899116064	0.0173179778085925	5.18065726863172e-05	0.0159449691322034
AAACCTCATGAAGTTG-1	5.01455036801941e-05	0.0715021042499695	5.01455036801913e-05	0.028141770368925	5.01455036802035e-05	0.584646753413743	5.01455035068574e-05	5.01455036801928e-05	0.122104840396166	0.00927590055586446	0.033987209882618	5.01455036798769e-05	0.00312299792445014	0.103047511721174	0.0436993671619038	0.000113444077978068	5.72272253006355e-05
AAACGAAGAACATACC-1	0.316160147468314	7.77485568742526e-05	7.77485568783966e-05	7.77485568742526e-05	7.77485568742527e-05	0.484629376980753	7.77485572279008e-05	7.77485568742479e-05	7.77485568714907e-05	0.00213120718316638	0.0254588587040719	7.77485567851486e-05	7.77485568742511e-05	0.00305104548649147	7.77485568742557e-05	7.77485620144903e-05	0.16771413004618
AAACGAAGATGGAGTA-1	8.30162032183252e-05	0.108920845803832	0.0217375716099397	0.00673005021330684	4.97386547967398e-05	0.527607626243484	0.000377176593231342	4.97386547967385e-05	0.0731222731491689	4.97386547967373e-05	4.97386547967382e-05	4.97386547973234e-05	0.0816083787759427	0.0699743728214483	0.000990651619172986	4.97386516403184e-05	0.108549605041631
AAACGAGACGGTTGAT-1	4.88496653549096e-05	0.107766364361684	4.88496653549109e-05	0.0251031108667428	0.100002766549783	0.698770069407982	4.88496658272909e-05	4.88496653549036e-05	5.82721124289802e-05	4.88496653549116e-05	4.88496653549106e-05	4.88496645771923e-05	4.9132380477867e-05	0.0208332237778199	0.0468781754645099	4.88496181722728e-05	0.000148087803219748
AAACGGGCGTACGGGT-1	5.10159140718354e-05	0.0925196355377107	5.10159140716449e-05	0.000579477723637303	5.10159140718401e-05	0.607433213359878	5.10159141162902e-05	5.10159140718347e-05	0.0532475189585501	5.10159140718377e-05	0.0115862066681295	0.0111392094486811	0.150179890058004	0.0126026350441982	0.000347375879857103	0.000404126109647436	0.0596546157272317
AAACGGTTGCGAACTG-1	0.000174274837202145	0.114342499317129	4.96868524500023e-05	0.0210412205069563	0.0060894305815537	0.653963903382098	4.96868510182335e-05	4.96868524500089e-05	0.0496358966628063	4.96868524500026e-05	4.9686852450002e-05	0.00728968970727188	0.00438646298328161	0.0351853803680531	0.03924056934706	4.96868627652043e-05	0.0683525511830047
AAACTCGGTTCGCAAT-1	0.0123964022524187	0.0647933101789579	0.00364248575696538	0.0253818545478969	0.00106010919963247	0.701109897034135	1.74224768399143e-05	1.74224768146002e-05	0.0480361948146115	0.0167214282018909	1.74224768145997e-05	1.74224768163767e-05	0.0263960917003141	0.00180253149927929	0.0648473126352093	1.74224767712266e-05	0.0337252697946311
AAACTGCTGGCTCCAA-1	3.41501601952996e-05	0.105679503825816	0.00406011982221129	0.00471848382724527	3.41501601952977e-05	0.631197218959846	3.41501569246573e-05	3.41501601952955e-05	0.0387649617843741	3.41501601952957e-05	0.0168279929897334	3.41501603906844e-05	0.0858798284621361	0.046458892618364	0.0149392825107507	3.41501325085059e-05	0.0512346641089184
AAACTTAATTGCACGC-1	0.0123843291923983	0.106127643912913	0.0042080688220635	0.00313614744130902	0.0377992358090695	0.491984573713185	0.00024318128938482	2.48260770546599e-05	0.0383349733589514	2.48260770546647e-05	2.48260770546588e-05	2.48260770461544e-05	0.0680828367375066	0.107695107339927	2.48260770546571e-05	2.48260769321708e-05	0.129854945921095
AAACTTGCAAACGTAT-1	0.00011130426145193	0.0797256564050498	0.0287542407212124	0.0663647915052127	7.17611013211715e-05	0.573930229982842	7.17611013213667e-05	7.17611013211744e-05	0.124507742466439	7.17611013211737e-05	0.04449044295359	7.17611013519362e-05	0.0133045875122947	0.0555560363021444	0.0126973956349784	7.17611006901084e-05	0.000127005647458174
AAAGAATGTGGACTAA-1	0.0451296707504055	0.105667292589136	2.56806022387526e-05	0.0225816342570698	2.56806022387563e-05	0.585325303095961	0.000624011023619763	2.56806022387534e-05	0.103516864056262	2.56806022387526e-05	0.00654004072354065	2.56806022314251e-05	0.0134861079036129	0.0350722041733144	0.0131778564541533	2.56806031431311e-05	0.0687249313585951
AAAGACCCAAGTCGCG-1	5.66424256477592e-05	0.0440388810942394	5.66424256372639e-05	0.00482718446700589	0.0262183466319553	0.887884053641989	5.6642427225264e-05	0.000798660826695478	6.30590774428175e-05	0.0161162548062194	0.00831583117759482	5.66424256972797e-05	5.66424256477614e-05	0.0112599089900423	6.40202785718292e-05	5.66424549713181e-05	7.39444234172214e-05
AAAGACTGGGCGCTTT-1	3.39442057802277e-05	0.026616718596202	3.39442057804585e-05	0.0117303973645529	0.00905894643401087	0.771990309207927	3.39442057585334e-05	3.39442057802274e-05	0.0979752484320617	0.0106002070178226	0.00668953330568838	3.39442058117238e-05	3.39442057802304e-05	0.0111240326713431	0.0539282983998843	3.39442086288886e-05	4.86991271870571e-05
AAAGGCCCTATAATAC-1	0.000305209040032508	0.0867186471116438	0.0169824090132761	5.06182866964104e-05	5.06182866964136e-05	0.547926010409093	5.06182841633726e-05	5.0618286696411e-05	0.0456200781519175	5.0618286696412e-05	5.06182866964096e-05	5.06182864141078e-05	0.128751477081094	0.0575765641748629	0.0128145752236396	5.06182984075054e-05	0.102900083491974
AAAGGCTACGGACCAT-1	0.0201503717334775	0.0671819993515981	2.41314261031087e-05	0.019326711386981	2.41314261030964e-05	0.699868952297117	2.41314261031902e-05	2.41314261031087e-05	0.094559388482416	2.41314261031089e-05	0.0111594189703519	2.41314263496983e-05	0.0255409107639486	0.0145135725842271	0.0389853987727071	2.41314289825405e-05	0.00854435567132784
AAAGGCTCTCGCGCCG-1	7.26272234785799e-05	0.0853822322214783	0.0451485004128847	0.0354848600698755	7.26272234785766e-05	0.47074261308132	0.00596890370541446	7.26272234785787e-05	0.0848605375658371	7.26272234785805e-05	0.00688250999095807	7.26272234363183e-05	0.145249415717742	0.037833295654985	0.0126516968895333	7.26272248668385e-05	0.0693596713477537
AAAGGGATGTAGCAAG-1	5.17651498574859e-05	0.103053883388899	5.1765149856273e-05	0.0102777349306344	5.17651498574653e-05	0.77053552938283	5.17651457334918e-05	5.17651498574724e-05	0.036904420007141	5.17651498574694e-05	0.0464759302424869	5.17651499972274e-05	0.00534453401801406	0.00193452244600963	0.0250075592267971	5.17651623132479e-05	5.17651498574699e-05
AAAGGGCAGCTTGAAT-1	4.75825953535308e-05	0.0544741449255701	4.75825953535338e-05	0.0217318463706834	4.75825953535271e-05	0.688921209007929	4.75825953559764e-05	0.00881566744683297	0.144691832711428	4.75825953535343e-05	0.0164039851644631	4.75825953535311e-05	4.75825953535343e-05	0.0531983192252226	0.0113213742028485	4.75825981599001e-05	6.09601793852229e-05
AAAGGTAAGCTGTACC-1	4.86908638962142e-05	0.0538504170880406	4.86908638938848e-05	0.0114086681235044	4.86908638962103e-05	0.788330432752783	4.86908646242245e-05	4.86908638961984e-05	0.0212331112886761	0.0144951943695506	4.86908638962004e-05	4.86908639527288e-05	4.86908638961981e-05	0.0706659330164988	5.90926519940005e-05	4.86908587787181e-05	0.0395189329382218
AAAGTAGCATTGCTCA-1	0.00260339269070202	0.0930447990533787	0.000783003968269313	0.00424656740695107	0.0155038776996317	0.605382167220373	0.00110384324388367	0.00990951341174889	0.0773350097527841	1.17708957308889e-05	0.00411792569307088	1.17708957464045e-05	0.0547695577964492	0.0215676940702899	0.0239181536982222	1.17709018655356e-05	0.0856791816009028
AAAGTCACTGATGTAA-1	5.06654788915193e-05	0.0234742306998487	5.06654788921901e-05	0.00894441755158342	0.0204014997597535	0.930994903463414	5.06654796128684e-05	0.00274383576312789	5.06654788915194e-05	0.0128635570526251	5.06654788915179e-05	5.06654792542446e-05	5.0665478891517e-05	5.06654788915177e-05	5.06654788915145e-05	5.06654860765502e-05	7.09009124630071e-05
AAAGTCGACCCTCAGT-1	4.93806390537198e-05	0.0310053398810781	4.93806390537204e-05	0.0188006113872108	0.00293122092032218	0.74449208081334	4.93806390344511e-05	4.93806390537199e-05	0.124095472230262	4.93806390537168e-05	0.0232537701207054	4.93806390537332e-05	0.000823644816128413	0.0265822653517326	0.0263919236675591	0.00123857711404283	8.88098633157505e-05
AAAGTGTGATTTATCT-1	3.44553450892915e-05	0.0888365300066763	3.44553450895775e-05	0.0230714240497926	3.44553450893136e-05	0.658222846939234	3.44553450749562e-05	0.000310297843603527	0.0499197706845625	3.4455345089294e-05	3.4455345089291e-05	3.44553452835888e-05	0.0615998846720563	0.0151362170720861	0.0258765710443182	3.44553373785785e-05	0.0767508149344863
AAAGTTGACTCCCGTA-1	5.00145398256464e-05	0.127913347798106	4.96663755384866e-05	0.00634098698227197	4.96663755384861e-05	0.596762173850017	4.9666375540911e-05	4.96663755384978e-05	0.0816281686521607	4.96663755384935e-05	0.00717848750335814	4.96663755377146e-05	0.029714490742296	0.018637110477596	0.0526523255384124	0.000377528602504815	0.0784473670602192
AAATAACCATACGGGA-1	3.49860981038802e-05	0.122528562253905	3.49860981027436e-05	0.0137901698506638	0.0152144672000016	0.739424008205502	0.000174659410230621	3.49860981038799e-05	0.0467942486238168	0.00699878068570972	0.00503793963653203	3.49860981038923e-05	0.016281906663716	0.0102491354625769	0.0231396552325775	0.000191536284249803	3.49860981038815e-05
AAATACCTATAAGCAT-1	5.05062728007477e-05	0.0839600293878838	5.05062728006317e-05	0.0057724450335982	5.05062728007398e-05	0.702790074402609	6.81398376957813e-05	0.00244216179505708	0.0584689854120534	5.05062728007391e-05	5.05062728007391e-05	0.00232343636757747	0.0325836516111696	0.023208383912394	0.0305553039455702	5.05062722892587e-05	0.0575243506580983
AAATAGCTTAGACTTT-1	0.012247622315882	0.0945958317072121	5.37242729611082e-05	0.0283399649222437	5.37242729611088e-05	0.569196672059018	0.000668680955762178	0.00243174423370438	0.0757586058458809	5.37242729611078e-05	5.37242729611082e-05	5.37242730972734e-05	0.0773361031753992	0.0522284833691316	0.0420593287379867	5.37242713393698e-05	0.0448146170414983
AAATAGGGTGCTATTG-1	0.0468989331075347	0.141226783003195	3.46179325164034e-05	0.00480914778264006	3.4617932516429e-05	0.640524002775485	3.46179325184412e-05	3.46179325164032e-05	0.0700966449385489	3.46179325164092e-05	0.00363760880887714	3.46179323694282e-05	0.0114519907836266	0.0194572409945362	0.0505382553793973	3.46179431581826e-05	0.0111170668880475
AAATCCGATACACGCC-1	5.03690620004322e-05	0.0924976519316352	0.005827797319793	0.0119240716004964	0.00488848114135028	0.669453774424599	5.03690608416152e-05	5.03690620004437e-05	0.0838110308374416	5.03690620004443e-05	5.03690620004442e-05	5.03690621282393e-05	0.055151763826288	0.0148898973127717	0.0256415443787916	5.03690355191596e-05	0.035561403820343
AAATCGCGGAAGGAGT-1	4.92461307232729e-05	0.0624056233416563	0.00991647925159203	0.0141339037435503	4.9246130723271e-05	0.573704612652417	0.0205464926718726	4.92461307232704e-05	0.046748825998452	4.92461307232778e-05	0.00833117089164877	4.92461310847265e-05	0.100999981051059	0.0593078996591724	0.0179700195823432	4.92461248640844e-05	0.0856395143773949
AAATCGTGTACCACAA-1	4.95307398266603e-05	0.144903344128726	4.95307398266565e-05	0.0121491215300802	0.0230770038865893	0.574741724757233	4.95307388171041e-05	4.95307398266596e-05	0.0731377509773848	4.9530739826654e-05	0.0182371872249392	4.95307393840972e-05	0.0470672303069281	0.0631953270624266	6.10192546631742e-05	4.95307517121934e-05	0.043083575681809
AAATCTAGCCCTGCTA-1	0.0335415158980858	0.102050220345907	5.38466098169556e-05	0.0163634338847372	5.38466098169467e-05	0.638270811709991	0.00200319180167108	5.38466098169465e-05	0.0772719534753744	5.38466098169607e-05	5.38466098169567e-05	5.38466098130698e-05	0.037639639063613	0.031213687790138	0.0123135062799039	0.000341715346955357	0.0486672447447258
AAATGCTCGTTACGTT-1	5.04279093224177e-05	0.0699213215943285	5.04279093214175e-05	0.0191997039371247	0.00640942277758802	0.792378727395794	5.04279093334547e-05	5.04279093224052e-05	0.0725972844690031	5.04279093224076e-05	5.04279093224102e-05	0.00275296090110885	0.00147057772412262	0.00519633870219783	0.0295858378462025	5.04279157641467e-05	0.000134829280821262
AAATGGCATGTCTTGT-1	5.76159440159893e-05	0.0307954011333922	5.76159440167369e-05	0.0249299894938708	0.0348012807528633	0.852324691832202	5.76159429607989e-05	5.76159440159934e-05	0.00860949713930461	5.76159440159967e-05	0.0468599168305498	5.76159439178765e-05	0.00110306337349548	5.76159440160032e-05	5.76159440159953e-05	5.7615949331023e-05	5.7615944016e-05
AAATGGCCCGTGCCCT-1	0.00158811260458091	0.0562140710411906	5.09742305455165e-05	0.0120016277416065	5.09742305458665e-05	0.676313604226776	5.09742305619219e-05	0.010211189269277	0.0846744596384913	5.09742305458696e-05	0.00278431002610393	5.09742305467159e-05	0.0576280158657763	0.0263172949315713	0.0311984653273358	0.000162819759032291	0.040651158415512
AAATGGTCAATGTGCC-1	0.00609808252742195	0.122760252448756	5.0654112306979e-05	0.0408032922580927	5.06541123069822e-05	0.633335012475683	5.06541121588779e-05	0.00254670967556775	0.101502087855791	5.06541123069805e-05	5.06541123069816e-05	5.06541123069795e-05	5.06541123069804e-05	0.0559524301764001	0.0363818974596102	0.000183679276021092	8.19770606557901e-05
AAATTAACGGGTAGCT-1	4.90194959753901e-05	0.0317778516275337	4.90194959754118e-05	0.0164865250968915	4.9019495975389e-05	0.745760185982738	0.00288356942796152	4.90194959753871e-05	0.0593064172490284	4.90194959753888e-05	0.00987055701418792	0.00284479327156174	0.0227087999152306	0.0459688902840093	0.0552775800969276	4.9019499429521e-05	0.00682071305462362
AAATTAATAAGCGCGA-1	5.01408395853222e-05	0.0263881084953746	5.01408395853375e-05	0.0128177230978711	5.01408395853173e-05	0.745035885315882	5.01408366305719e-05	5.0140839585336e-05	0.124112192185671	5.01408395853375e-05	0.0143183052067348	5.0140839603352e-05	5.61083515205897e-05	0.021951813892646	0.0548417003506379	5.01408523614833e-05	7.70363771400167e-05
AAATTACACGACTCTG-1	4.86917755869399e-05	0.0967606814850061	4.86917755869441e-05	0.0204933752816612	0.0947997886423675	0.625348893865466	4.86917747111725e-05	4.86917755869465e-05	0.0283307786414832	0.0260625972074041	0.0748645486893054	4.86917751433313e-05	0.00563432653011419	4.86917755869413e-05	0.0273154754458482	4.86917835554827e-05	4.86917755869417e-05
AAATTACCTATCGATG-1	5.02376416262917e-05	0.11836574818508	5.02376416262911e-05	0.00280046212221998	0.0215181349546734	0.683059187267198	5.02376416100905e-05	5.02376416262997e-05	0.0329521118887162	5.02376416262938e-05	5.02376416262911e-05	5.02376416273307e-05	0.0172211608652536	0.0947341148123567	0.0286979272653339	0.000241817122888487	5.76720249100679e-05
AAATTGATAGTCCTTT-1	7.22058803929525e-05	0.0911090127965908	7.22058803929524e-05	0.0108798924341899	7.22058803929606e-05	0.591252173567678	7.22058797071794e-05	0.0035378383654429	0.0640256500465878	7.22058803929523e-05	7.22058803929523e-05	7.22058803928111e-05	0.0723598206102866	0.0668281874021301	0.0382755364477983	7.22058840701364e-05	0.0611542412831607
AAATTTACCGAAATCC-1	5.15890984193976e-05	0.0723765868666498	5.15890984197685e-05	0.0092420253743885	5.15890984194065e-05	0.867878717465405	5.15890991972184e-05	5.15890984194184e-05	0.0379622533383468	0.0118826332836756	5.15890984194064e-05	5.15890984055678e-05	5.1589098419406e-05	5.15890984194034e-05	6.76102781081739e-05	5.15890918871626e-05	7.4282415000195e-05
AAATTTGCGGGTGTGG-1	4.91246824116449e-05	0.0642913510326933	0.00310586164623591	0.0164309063069505	4.91246824116492e-05	0.637713022901714	4.91246810003001e-05	4.91246824116422e-05	0.040492567515324	4.91246824116428e-05	4.91246824116437e-05	4.91246824364237e-05	0.0679633394459964	0.135209458090395	0.0265054822960752	4.91246967387996e-05	0.0078950132923816
AACAACTGGTAGTTGC-1	5.02122635898138e-05	0.10698415352754	5.02122635895082e-05	0.021538652076907	5.02122635898112e-05	0.75165270296838	5.02122620370276e-05	5.0212263589814e-05	0.0816068912112911	5.02122635898114e-05	5.20799549823395e-05	0.00161745150199401	0.00749964735263296	0.00370077703916881	0.0248980936165083	5.02122544903505e-05	9.80649161191058e-05
AACAATACATTGTCGA-1	5.1770284740608e-05	0.0912225648351285	0.00271142934026909	0.0111936389077216	5.17702847406055e-05	0.5294334971872	0.000528063692469031	5.17702847406094e-05	0.0651915175831753	5.17702847406057e-05	0.0079629601625661	5.17702848212116e-05	0.141693894708747	0.0400504243947073	0.0309666240572616	5.17702808273678e-05	0.0787347634261436
AACAATTACTCTACGC-1	4.95574251337105e-05	0.052382716719989	4.95574251336893e-05	0.0240544570762207	4.95574251336803e-05	0.640203189791385	4.95574238017934e-05	4.95574251336885e-05	0.144960119640158	0.00271369314940661	4.95574251336896e-05	4.95574249290413e-05	0.00159854091656214	0.0437238373584312	0.0368511036056343	4.95574001279926e-05	0.0531158823676855
AACACACGCTCGCCGC-1	0.0279229319090003	0.118684470367763	7.10651956018995e-05	0.0156177224144913	7.10651956019004e-05	0.599434356702295	7.10651937442216e-05	7.10651956019003e-05	0.0628172348920261	7.10651956019066e-05	7.10651956019004e-05	7.10651955942956e-05	0.0214506964713866	0.0650129422324724	0.00196028309609996	0.0177574805993431	0.0688444249477738
AACACGACTGTACTGA-1	5.57703067673443e-05	0.0134226481228913	5.57703067660467e-05	0.0131046827737925	0.0301312714243226	0.873375929591304	5.57703071965208e-05	5.57703067673478e-05	5.57703067673402e-05	0.00383177843264876	0.0209107547373434	5.57703067821161e-05	5.57703067673399e-05	0.0041574128717467	5.57703067673418e-05	5.57702976344483e-05	0.0405635892937345
AACACGAGACGCGGCC-1	5.1456651393711e-05	0.0259393671183131	0.0110784601612806	0.0251913259330379	4.88295918096488e-05	0.679085122043783	4.88295894505782e-05	0.0134504400514295	0.0599742053046119	4.88295918096492e-05	4.99009018063837e-05	4.88295918096553e-05	0.00559238815998307	0.0879554279070379	0.0912567568184341	4.88295821635377e-05	0.000131001001845881
AACACGCGGCCGCGAA-1	4.77181880781071e-05	0.0325766925899951	4.77181880781172e-05	0.0120785519286268	0.0158305341087935	0.79197444641421	4.77181864503904e-05	4.77181880781147e-05	0.0884747132510781	4.77181880781176e-05	0.0143867005845688	4.77181878576353e-05	4.77181880781177e-05	0.026574019696448	0.0176357136152965	4.77182062677682e-05	8.68822900173022e-05
AACAGCTGTGTGGCAA-1	0.000247470932579953	0.0951390254672351	0.0103267038465983	5.09865553756222e-05	5.09865553756394e-05	0.568936831863331	5.09865538735409e-05	5.09865553756223e-05	0.0419597225273333	5.09865553756224e-05	0.00715361614675283	5.09865554060016e-05	0.11715586760954	0.0605036252844073	0.0108335059312914	5.09865644110349e-05	0.0873867244957378
AACAGGAAATCGAATA-1	6.02342320901789e-05	0.014547234596091	6.02342320971973e-05	0.0234106365075587	0.00924829192870194	0.919890613708114	6.02342320842602e-05	6.02342320901782e-05	6.02342320901804e-05	0.00965603158369588	0.00833826316636701	6.02342322385934e-05	0.000118754312392159	0.00277959608875255	6.02342320901766e-05	6.02342293230229e-05	0.0115287042542231
AACAGGATGGGCCGCG-1	4.94909580764976e-05	0.0371399429723191	4.94909580764779e-05	0.0178506258218086	4.94909580764793e-05	0.716885398775734	4.94909564826307e-05	0.00424871541439787	0.113640840797071	4.94909580764839e-05	4.94909580764778e-05	4.94909581951522e-05	4.94909580764789e-05	0.0718102807955526	0.0378680379578678	4.94909447496541e-05	0.000110738857363003
AACAGGTAGTATGGAT-1	7.60039702244729e-05	0.0859913462240141	0.0227251210101917	0.00194342953679868	7.6003970224463e-05	0.526354638320892	7.60039707996719e-05	7.60039702244588e-05	0.0612342119385803	7.60039702244587e-05	0.00901036818096273	7.60039704291324e-05	0.160102354346798	0.0309632789553399	7.60039702244596e-05	7.6003976219824e-05	0.101067219717853
AACATATCAACTGGTG-1	0.000107354396634462	0.0905027346371746	7.31116241789223e-05	0.0126662528216228	7.31116241789251e-05	0.609267767611118	7.31116256936941e-05	0.00691442410099091	0.0643881086871111	7.31116241789225e-05	7.31116241789227e-05	7.31116242090067e-05	0.0483954117876685	0.0501162953454136	0.0175530435828365	7.31116319343058e-05	0.0995768256508772
AACATTGAAGTTGATC-1	0.00972374434228159	0.0725632253546985	3.54491741575816e-05	0.00996455466000108	0.00576620020020471	0.377843827487053	0.00108623387570144	3.54491741575901e-05	0.0634443727805598	3.54491741575854e-05	3.54491741575851e-05	3.54491741525361e-05	0.214442106773961	0.0942906149553812	3.54491741575867e-05	3.54491725354375e-05	0.150626975352682
AACATTGTGACTCGAG-1	0.000399877222203505	0.0796446485325774	0.00820043833327066	0.0184871278393898	5.11289794907568e-05	0.638030630096028	5.11289807173432e-05	5.11289794907459e-05	0.0971545099148658	0.0228322903327208	0.00206260665660168	0.00649284611171437	0.00751891382042901	0.0207782953471866	0.0640400490953447	5.11289883966046e-05	0.0341532507695725
AACCAAGACTTCTCTG-1	4.82422586693748e-05	0.0221405813751453	4.82422586693805e-05	4.82422586693797e-05	4.82422586693805e-05	0.6796473064279	4.82422581629611e-05	0.0410900667465922	0.181361992150943	4.82422586693795e-05	0.01204847964338	0.000285556302290542	0.00609224597752823	0.0414485234376378	0.0154383507748803	4.82422453707843e-05	0.000109201366822541
AACCAGTATCACTCTT-1	5.21983671415494e-05	0.0407442542230742	5.21983671430462e-05	0.00382577022519438	5.21983671415204e-05	0.877844032225631	5.21983671238164e-05	5.21983671415201e-05	0.0495690648026059	0.00208371256803472	0.0148999189102364	5.21983671422256e-05	5.21983671415222e-05	5.21983671415217e-05	0.0100377841476677	0.000508814858465037	6.9061101973489e-05
AACCATAGGGTTGAAC-1	0.000847224435401925	0.106270751870197	0.0190923185989483	2.42754403837087e-05	2.42754403837084e-05	0.518923295710752	2.42754385945357e-05	0.00612724039196502	0.0900897488438715	2.42754403837093e-05	2.4275440383709e-05	2.42754399770669e-05	0.0847619689259131	0.0697177211224552	2.5868295423415e-05	2.42754469233044e-05	0.103973933718043
AACCATGGGATCGCTA-1	5.26776891836446e-05	0.0833379085415323	0.00207439015685567	0.0113027914355188	0.024614325177671	0.767617999883104	5.26776902451326e-05	5.26776892390662e-05	0.0328886298187182	5.26776891836423e-05	0.0222281039472457	5.26776891836266e-05	5.26776891836261e-05	0.0103464861115474	0.0451660416253445	5.26776924983564e-05	5.45794737455245e-05
AACCCAGAGACGGAGA-1	5.16831862761947e-05	0.133960820224627	5.16831862761994e-05	5.16831862761982e-05	5.16831862761974e-05	0.684316100589315	5.1683187113397e-05	5.16831863058581e-05	0.0875071552565318	5.16831862761987e-05	0.0191211088234877	5.16831862762053e-05	0.00804009361230829	0.0133265094400463	0.0532113801875347	5.16831887964461e-05	5.16831862762032e-05
AACCCATCCCATGATC-1	6.98398836592618e-05	0.0487177045315176	6.98398836588334e-05	0.0137389395950223	6.98398836592557e-05	0.442410728999952	0.00012444185545849	6.98398836592584e-05	0.0480204108867554	6.98398836592569e-05	0.000976779356113497	6.98398837267315e-05	0.210190993970628	0.108144694227401	0.00630418363078582	6.98398833988043e-05	0.120882243760945
AACCCGACAACCCGTG-1	3.4001254013858e-05	0.0854540546401624	0.0118851847624823	0.0181303254602931	3.40012540138642e-05	0.655132358588689	3.4001254021464e-05	3.40012540138648e-05	0.0499498358308462	3.40012540138656e-05	3.40012540138608e-05	3.4001254043081e-05	0.0355374278665635	0.0473662931921387	0.0565290381819772	3.40012712200879e-05	0.0397434714274939
AACCCGAGCAGAATCG-1	0.0292042907097152	0.0432316059642585	0.00385777042040987	3.71020532119395e-05	3.71020532119127e-05	0.54503370546597	3.7102054097985e-05	3.7102053211939e-05	0.0644488873844181	0.00516613822386473	0.0181704877880784	3.71020534141141e-05	0.1144812919776	0.0166309208048831	0.047729206520327	3.71020646265998e-05	0.111823082408701
AACCCTACTGTCAATA-1	5.04096236909056e-05	0.0968186614566922	5.04096236912535e-05	0.0384103670310008	5.04096236908947e-05	0.618083719293757	5.04096243721553e-05	5.04096236908991e-05	0.0917569450165387	5.04096236909033e-05	0.00589760057722663	5.04096240565195e-05	0.0243924730056893	0.0329907196266613	0.0435130094086042	5.04096124697787e-05	0.0477332276044759
AACCCTGGTGGAACCA-1	0.00023450636663178	0.000755678447323871	8.67942092567028e-05	0.00599461487961689	0.0275596829823877	0.851304997030358	8.6794206228539e-05	0.00782146065988765	8.67942092674047e-05	0.014737972349119	0.00671262343712503	8.67942092708021e-05	8.6794209267401e-05	0.00117115765995326	8.67942092673979e-05	8.67941934418158e-05	0.0830997467415963
AACCGAGCTTGGTCAT-1	4.99904495154099e-05	0.102268338440727	4.99904494582731e-05	0.0191748139593932	4.99904494614018e-05	0.762296123269807	4.99904493324888e-05	4.9990449461403e-05	0.0376215254711379	0.00796147576566875	0.024856602438706	4.99904494614192e-05	0.00169907543573133	4.99904494614024e-05	0.0436721311661237	4.99904570928359e-05	4.99904494613872e-05
AACCGCTAAGGGATGC-1	0.000110842870304195	0.0908325172462234	0.0261494703782615	0.0401597891536108	7.02802232185211e-05	0.540289836576258	0.00110184665310725	7.02802232185245e-05	0.114662472850193	0.00329849454279903	0.0136480701989658	7.02802231505997e-05	0.0144318033473662	0.0544619762363352	0.0276772206318109	7.02802244557861e-05	0.0728945384207205
AACCGTTGTGTTTGCT-1	4.8999178157354e-05	0.0369592859849734	4.89991781573593e-05	0.026777237738532	0.0710825196359886	0.742513188419947	0.00210313633161105	4.89991781573595e-05	0.00110517703036966	0.031990937196366	0.0283864556483312	4.8999178104301e-05	4.89991781573598e-05	0.0112529033555189	4.89991781573606e-05	4.89991882559444e-05	0.0474861644012155
AACCTCGCTTTAGCCC-1	5.18755854684386e-05	0.0742370292950588	5.1875585468438e-05	5.18755854684379e-05	5.18755854684367e-05	0.743370355748075	5.18755847439216e-05	5.18755854531904e-05	0.0705940067060925	0.000878241072663135	5.18755854684379e-05	5.18755854684322e-05	0.00501554527241974	0.0274037314708042	0.0396939025429023	5.18755937266868e-05	0.03834030761525
AACCTTTAAATACGGT-1	3.45136366017857e-05	0.0812323981266847	3.45136366018203e-05	0.0111274721628174	0.0080284184977091	0.640478314371803	3.45136373862818e-05	3.45136366249713e-05	0.0611117838952661	3.45136366017801e-05	3.45136366017801e-05	3.45136366491539e-05	0.0693932311983268	0.0483715193708031	0.0342381721105499	3.45136460593827e-05	0.0457425811629128
AACCTTTACGACGTCT-1	5.11261796279752e-05	0.106094813808166	0.000424602366970078	0.0185294810792826	5.11261796279788e-05	0.762319644131385	5.11261786989055e-05	5.1126179628003e-05	0.046827191952123	0.00856658392877019	6.14314958397859e-05	5.11261796280151e-05	5.11261796279777e-05	0.0205774606510215	0.0361870613013058	5.11261844165093e-05	5.38460238808668e-05
AACGAAAGTCGTCCCA-1	0.000392193475378189	0.0744236623805259	0.024876365842613	5.10238282799954e-05	5.10238282799954e-05	0.623593633153762	0.00764222350458217	5.10238282799952e-05	0.0624849915042528	5.10238282799971e-05	5.10238282799962e-05	5.10238284873213e-05	0.0540123969324541	0.0466930842358185	0.00286657159339775	5.10238591295852e-05	0.102657710548199
AACGATAATGCCGTAG-1	4.87216704545978e-05	0.082621999481012	0.0130310461630452	0.0153885030711652	4.87216704545861e-05	0.65821314880938	4.87216710318068e-05	4.87216704546021e-05	0.0633043809748056	0.0199109480946811	0.00150494790902664	4.8721670371129e-05	0.005536228684084	0.0440526085084597	0.0470721085138526	4.87216607552163e-05	0.0490717497769659
AACGATAGAAGGGCCG-1	5.25070805996301e-05	0.0620179324450816	5.25070805989991e-05	0.012898055954845	0.0712369539456964	0.771765133205718	5.2507080362386e-05	5.25070805996079e-05	5.25070805996153e-05	0.00991992550172305	0.0405162915668865	5.25070804514111e-05	0.00695960200063528	0.00750125736844921	0.01676479135959	5.25070875639696e-05	5.25070805996086e-05
AACGATATGTCAACTG-1	5.11986002625885e-05	0.0900531384033994	5.11986002625096e-05	5.11986002625242e-05	5.11986002625237e-05	0.800642135967672	5.11986013843953e-05	5.11986002893485e-05	0.0537983217906281	5.11986002625227e-05	0.0340751702940995	5.11986002913722e-05	0.00379525382643271	0.00899204061450694	0.00813195311527994	5.11985844415737e-05	5.11986002625242e-05
AACGCATGATCTGGGT-1	3.52113420808287e-05	0.0732217970161757	3.52113420805858e-05	0.0141779449315332	3.521134208081e-05	0.715554000591663	3.52113419759546e-05	3.52113420808228e-05	0.0549466686159727	3.52113420808241e-05	0.0105703745585919	3.52113420687446e-05	0.00612393306186438	0.0564750790276841	0.0142921283701939	3.52113544735773e-05	0.0543563830773991
AACGCGAACGGCAACA-1	3.36846405927933e-05	0.047771085942021	3.36846405927953e-05	0.0121076776674976	3.36846405927958e-05	0.79321621393043	3.36846408582157e-05	3.36846405927961e-05	0.0975356694874341	0.000679151663750012	0.0056913119523391	3.36846406946089e-05	3.37110736955615e-05	3.36846405927957e-05	0.0145941707040183	3.36846487307537e-05	0.0281015304455673
AACGCGACCTTGGGCG-1	7.19098946987396e-05	0.121646260399088	5.12350793844212e-05	0.0226356559996592	5.12350793844175e-05	0.566570249407072	5.12350782491834e-05	0.0239820235653505	0.0911034100611194	5.12350793844258e-05	5.1235079384423e-05	5.12350793844262e-05	0.0231009927206838	0.0205859976196504	0.0574551668993011	5.12351111131227e-05	0.072489687847093
AACGCGGTCTCCAGCC-1	5.33506852202774e-05	0.0644462731447415	5.33506852200434e-05	0.0123959588369222	5.33506852202696e-05	0.770777480227169	5.33506833670918e-05	5.33506852202598e-05	0.0574678328733784	5.3350685220276e-05	0.0313202741002736	5.33506852871032e-05	0.00544940523100161	5.33506852202702e-05	0.0576092687458786	5.33506754395396e-05	5.33506852202663e-05
AACGCTGTTGCTGAAA-1	0.00423653565456523	0.146092205457672	2.46630293270963e-05	0.00417024436337645	0.027347185588657	0.65151828358743	2.46630295546506e-05	0.00470677680380317	0.0440725537610958	2.46630293270751e-05	2.4663029327074e-05	2.46630293845594e-05	2.46630293270738e-05	0.00847586715058755	0.0325990650234221	2.46630324271445e-05	0.0766086414007154
AACGGACGTACGTATA-1	4.87467215213597e-05	0.0865056062097562	4.87467215213563e-05	0.0242362224690745	4.87467215213613e-05	0.619193458626157	4.87467215669157e-05	4.87467215213542e-05	0.0924139401421185	4.87467215213566e-05	4.87467215213558e-05	0.00506867647763332	0.0195745845550405	0.0759869974326863	0.0147810433325751	0.00096187487167615	0.0609363688325874
AACGGCCATCTCCGGT-1	4.95919127488878e-05	0.102141876692014	4.9591912748888e-05	0.017244297161427	4.95919127488875e-05	0.600439764629756	4.9591912022741e-05	4.95919127488878e-05	0.0804697591303256	4.95919127488874e-05	0.00802220624236568	4.95919127775242e-05	0.0367139503421168	0.0479498430250914	0.0777088538740801	4.95919254154748e-05	0.0289127135888636
AACGTACTGTGGGTAC-1	0.0580417848278945	0.0772014040264899	0.00356313952136405	0.101294852303883	2.41920651742846e-05	0.392938847404611	2.41920646285402e-05	0.00856709422699763	0.0942059082219377	2.41920651742865e-05	0.139801745773926	2.41920651317493e-05	0.00392265449143537	0.0503909463281874	0.000153312107605596	2.41920740226853e-05	0.0697973504315363
AACGTCAGACTAGTGG-1	7.4782188709205e-05	0.0837831668207675	7.47821887087718e-05	0.00620779729753694	0.0145744511011452	0.688883375626157	0.00069775402993548	7.47821887092299e-05	0.0398092112139434	0.0150476899960086	0.0185969308548643	7.47821887092135e-05	7.47821887092101e-05	0.0330292650960025	0.0988468826404797	7.47821909046022e-05	7.47821887092141e-05
AACGTGATGAAGGACA-1	0.00289845925257535	0.0379803360304531	5.91642253673849e-05	0.0044227540018789	5.91642254079362e-05	0.947225939521586	0.000384578721607265	5.91642253951472e-05	5.91642254029102e-05	5.91642253951506e-05	0.00642722934913225	5.91642254627736e-05	5.91642253951511e-05	5.91642253951496e-05	5.91642253951506e-05	5.9164226475997e-05	6.90608676748401e-05
AACGTGCGAAAGTCTC-1	4.97338729830682e-05	0.0707704765850463	4.97338729830641e-05	0.0105687858907221	4.97338729830647e-05	0.531443254632408	4.97338729607728e-05	0.00641188626466629	0.125843566416245	4.97338729830686e-05	0.00816637412038275	4.97338729830643e-05	0.0066474317501875	0.202603865753136	0.0104722622147363	4.97338778463801e-05	0.0267239592567471
AACGTTATCAGCACCT-1	4.92229029660002e-05	0.00671417207483528	4.92229029659995e-05	0.0187739767195143	4.92229029659962e-05	0.598685947006792	4.92229017350653e-05	0.0160238073721392	0.17052360987343	0.0113128948530157	0.023736431683818	4.92229029660012e-05	4.92229029659998e-05	0.0708754555521655	0.0483590301109315	4.92228909182364e-05	0.0346501144458752
AACTACCCGTTTGTCA-1	0.000107247810409531	0.0612395976745723	0.000107247810407504	0.0182800643721782	0.000107247810409546	0.458302148155495	0.000107247810205329	0.000107247810409532	0.0647670792407349	0.0176940504337767	0.000107247810409532	0.000107247810296353	0.117862412993561	0.0900340443588417	0.00553227359109534	0.000107247821056363	0.165430346686141
AACTAGGCTTGGGTGT-1	3.39688976579131e-05	0.0663835782500996	3.39688976865891e-05	3.70936162142282e-05	3.39688976868628e-05	0.656650154794214	3.39688966707943e-05	3.39688976868585e-05	0.0291746209118825	3.39688976868614e-05	3.39688976868634e-05	3.39688979219466e-05	0.147494800301165	0.0496286812291772	0.0234183431170484	3.39689017770364e-05	0.0269070076977372
AACTCAAGTTAATTGC-1	0.00286864152203939	0.0276045370703159	2.38348016880074e-05	0.0033408209272189	2.38348016887998e-05	0.71182794106149	2.38348016490516e-05	0.0101736137184434	0.0759592607126369	2.38348016887986e-05	0.00404059223969512	2.38348016886413e-05	0.00857504110337361	0.0746926948035808	0.0791168589959531	0.000141699869227551	0.00153912396762212
AACTCCAGAGCGTGTT-1	0.00010486597957483	0.14504774379248	0.00549305242732678	0.0209509952078234	5.14808882199303e-05	0.494832723046126	5.14808870104069e-05	0.0121434737856302	0.141991876095634	5.14808882199457e-05	5.14808882199438e-05	5.14808882199474e-05	0.0415676754235025	0.00127480843797684	0.061144042748094	5.14808924545188e-05	0.0751398577234865
AACTCCTAATCCCATG-1	4.98291653082467e-05	0.100721851431094	4.98291653082021e-05	0.0280553808120742	0.00111998139719956	0.782629725269359	4.98291653512161e-05	0.000853607541895022	0.0262253095831973	4.98291653082469e-05	0.0133886012788009	4.98291653053417e-05	4.98291653082463e-05	0.0462445499357556	6.98612510302772e-05	0.000274074915335675	0.000118081592368986
AACTCGATGGCGCAGT-1	7.19163045343915e-05	0.10268916825587	0.00103199469156258	0.0174380427939668	7.19163045344025e-05	0.746652711591472	0.000282643111198487	7.1916304534392e-05	0.0984616187790587	0.00553199003246637	7.19163045343929e-05	7.1916304529577e-05	0.00400164586725075	0.0232663197667927	8.74361445850348e-05	7.19163026592505e-05	0.000124931140449765
AACTCTCAATAGAGCG-1	4.9331779057146e-05	0.0944759277330984	0.00193825471128155	0.00989291135312013	4.93317790571563e-05	0.682019270177697	0.00238052972238339	4.93317791133443e-05	0.0508141113317221	4.93317790571545e-05	4.9486210789642e-05	4.93317790571534e-05	0.0653759125145063	0.0246663893522903	0.0158656971998486	4.93317826409144e-05	0.0522255190152795
AACTCTCAGTGTGCTC-1	0.00614437628564269	0.125671093485284	3.59439366642286e-05	0.0181033063994033	3.594393666423e-05	0.541743404656455	3.5943934927736e-05	0.00354386958873169	0.101301737943323	3.59439366642364e-05	3.59439366642304e-05	3.59439366525083e-05	0.0468226515452838	0.0827484675823778	0.0442346667225592	3.59439442347231e-05	0.0294348182284676
AACTGATATTAGGCCT-1	0.00515910045284043	2.86198800449318e-05	2.8619880047267e-05	0.00453969083378635	0.00476889552639542	0.893652421412131	2.86198800129902e-05	2.86198800449329e-05	2.86198800449341e-05	0.0245435932222406	0.0577912362503536	2.86198800409377e-05	2.86198800449317e-05	0.0030452543794864	2.86198800449324e-05	2.86198798135205e-05	0.00624222900262682
AACTGGGTCCCGACGT-1	5.18003313962146e-05	0.0373690844269769	5.18003313962094e-05	5.1800331396213e-05	0.0655567610272468	0.808823843190102	5.18003280542066e-05	5.18003313962138e-05	5.1800331396214e-05	0.0215672289961184	0.0605884387623529	5.18003314180266e-05	5.18003313962131e-05	0.00552259691394968	5.40433667818791e-05	5.18003372254902e-05	5.18003313962138e-05
AACTGGTGTGGGCCTT-1	0.00494533554406237	0.0120951769760627	5.63908754215813e-05	0.0166374070455906	5.63908754132244e-05	0.912621721470033	5.63908754786219e-05	5.63908754132233e-05	5.63908754121575e-05	5.63908754132231e-05	0.0231727420236833	5.6390874923633e-05	5.63908754132212e-05	0.000694229301963618	5.63908754132304e-05	5.63908875555647e-05	0.0292694788727473
AACTTCTGCGTCTATC-1	4.98883957228517e-05	0.0529798351289872	0.00498187738223059	0.017047584859439	4.98883957228498e-05	0.742844194261947	4.98883957830127e-05	0.00508500244990251	0.108944986774538	0.00734233936395544	0.0169164782682591	4.98883957296071e-05	4.98883957228497e-05	0.0148614412464147	0.0280959566625956	0.0005784121961076	7.24494269417574e-05
