Bcell	astrocyte	dendriticcell	endothelialcell	macrophage	malignantcell	mastcell	matureTcell	microglialcell	monocyte	muralcell	naturalkillercell	neuron	oligodendrocyte	oligodendrocyteprecursorcell	plasmacell	radialglialcell
AAACAAGTATCTCCCA-1	2.38698487146102e-05	0.0120078844047848	0.00664847903441784	0.0488841510833329	0.0837904147650927	0.11489827222826	2.38698475526126e-05	0.00113734951451513	0.000112738460435012	0.000127392524382288	0.708276732557862	2.38698484874112e-05	0.00392289233752807	0.000774304591186241	2.38698487146073e-05	2.38698415191384e-05	0.0193000392632151
AAACAATCTACTAGCA-1	1.66587885021396e-05	1.66587885021391e-05	1.66587885021392e-05	0.0789939287521419	0.00110809369434245	0.00704451628451748	1.66587856407986e-05	1.66587885021392e-05	0.13165170445197	1.66587885021391e-05	0.600725001318268	1.66587881150247e-05	0.00628215614639593	0.000778844504030358	0.00548296935667877	1.66587825916471e-05	0.167799515192797
AAACACCAATAACTGC-1	0.0809512508416439	3.46384318612164e-05	3.46384318618175e-05	0.103543105342789	3.46384318612242e-05	0.190411988616244	3.46384308250663e-05	3.46384318612301e-05	3.46384318612586e-05	0.0602516317836425	0.513509502058534	3.46384315570753e-05	3.46384318612209e-05	0.0200269214848719	3.46384318612146e-05	3.46384332894849e-05	0.0309592155535741
AAACAGAGCGACTCCT-1	0.0291345175329116	1.59162465231679e-05	0.0034549203407609	0.129408525289796	1.59162465231716e-05	0.0351603415421898	1.59162515987093e-05	1.59162465231677e-05	0.0886335286928423	0.00305514309405912	0.620290508009321	0.00311702335709349	0.00355288771751421	1.59162465231683e-05	1.59162465231681e-05	1.59162536776939e-05	0.0840811906856201
AAACAGCTTTCAGAAG-1	3.20037239118129e-05	2.53012316713098e-05	2.53012316713111e-05	0.124718793107967	0.0431540035896441	0.144751607777762	2.53012266450842e-05	2.53012316779851e-05	0.0358788198398842	2.5301231671304e-05	0.621314589620493	2.53012317575118e-05	0.0200724768130409	3.1841811970171e-05	0.00984345385750947	2.5301241052314e-05	2.53012316713084e-05
AAACAGGGTCTATATT-1	0.0723390300286855	1.33922638672756e-05	1.33922638114751e-05	2.0229557044074e-05	0.133640556425848	0.0206961651010418	1.33922617301231e-05	1.33922638115661e-05	1.33922638114615e-05	3.03147391087733e-05	0.667846351988158	1.33922637759024e-05	1.33922638115303e-05	0.0405573095178155	1.3392263811535e-05	1.33922602527497e-05	0.0647495122736157
AAACATGGTGAGAGGA-1	0.0319238073165119	3.81119253035949e-05	3.8111925303076e-05	0.0624963922210352	3.81119253035953e-05	0.173280232323045	3.81119237425918e-05	0.0147577675236276	3.81119253035947e-05	3.81119253035946e-05	0.659272481785387	3.81119253035988e-05	0.0117072228614964	3.8111925303595e-05	0.00262417458518968	3.81119444407488e-05	0.0435949140383995
AAACCCGAACGAAATC-1	3.47449363607014e-05	0.00744275628806275	3.47449363607022e-05	0.0468560581219417	0.167623418191841	0.15420412789414	3.47449443995048e-05	3.47449363607018e-05	3.47449363606999e-05	3.47449363606994e-05	0.566306302131684	3.47449362443157e-05	3.47449363607023e-05	3.47449363607029e-05	0.0134931133340875	3.47449279761179e-05	0.0437267746750987
AAACCGGGTAGGTACC-1	0.033713987206068	2.26239773890436e-05	2.26239776795023e-05	3.61379494581357e-05	2.26239776788534e-05	0.407999006763534	0.0747967584077946	2.26239776795554e-05	2.26239776796499e-05	2.26239776795007e-05	0.398087367675103	2.26239776773607e-05	4.51647908249297e-05	2.2623977679506e-05	0.0176228052421711	2.26239758718436e-05	0.0674951561680308
AAACCGTTCGTCCAGG-1	0.0760470849564609	0.0106766291170919	2.66335328678216e-05	0.0883984476635	0.00789417015091162	0.00513910563073031	0.0672411016795433	2.66335328678225e-05	2.66335328678215e-05	2.66335328678234e-05	0.685390920619422	0.0144775170586878	2.66335328678216e-05	2.66335328678276e-05	0.0185697789987482	2.66335280493241e-05	0.0259788093996474
AAACCTCATGAAGTTG-1	0.171743334078319	1.84252846948442e-05	1.84252846951326e-05	0.106080027452095	1.84252846948974e-05	0.044602177832777	1.84252849433632e-05	1.84252846948509e-05	1.84252846948434e-05	1.84252846948436e-05	0.573793945499159	0.009804995888521	0.0673234056550758	0.0264678607458538	1.84252846948087e-05	1.84252856960427e-05	1.84252846948476e-05
AAACGAAGAACATACC-1	0.00281154766671412	3.5652067770529e-05	0.00333985091999222	0.088265896656513	3.56520677705289e-05	0.0525267725006578	3.5652067646235e-05	3.56520677705294e-05	0.0816269203061332	0.00534888447561086	0.567517165315345	0.00770692956676997	0.00850950054861652	0.0121036749381992	0.00155549303510695	0.00379387659149167	0.164750879207891
AAACGAAGATGGAGTA-1	0.00355011386963209	4.92105117892546e-05	4.92105117892539e-05	0.0549729429720908	4.92105117892487e-05	0.151060113391537	4.92105129936954e-05	0.0216650676079384	0.0578066489686469	0.0155419221322804	0.618981696610218	4.92105117892512e-05	0.012651526851483	0.0130143803308233	0.00383881181803623	4.9210518401902e-05	0.0466215123687613
AAACGAGACGGTTGAT-1	2.44159680876119e-05	0.0145653662921872	2.44159680876135e-05	0.0825110079571343	2.44159680876053e-05	0.0448679057649639	2.44159729035997e-05	0.0102933961122461	0.0716187740238647	2.4415968087612e-05	0.685269661423648	2.44159680876126e-05	0.02849039536372	2.44159680876133e-05	0.0181186506067632	2.44159609724098e-05	0.0440695147130705
AAACGGTTGCGAACTG-1	0.0484192646288495	0.0198867447377906	0.00845683163030334	0.0318321232182536	0.0465520039440641	0.180827172128953	3.55627426972243e-05	3.55627411824746e-05	3.55627411824792e-05	0.000478670156214525	0.58601302111908	3.55627410328593e-05	0.00123154162822086	0.0119557934070479	3.55627411824717e-05	3.55627482715321e-05	0.064133456945673
AAACTGCTGGCTCCAA-1	0.041977315793036	0.00515246755037792	4.90991393058863e-05	0.0433505511839945	4.90991393058851e-05	0.303733987379147	4.90991404188775e-05	4.90991393058869e-05	4.90991393055653e-05	0.00233987686468207	0.582686804436201	4.90991393058917e-05	0.0192567856653867	0.00100390903719138	5.13494368858967e-05	4.90991440684452e-05	0.000103258672081428
AAACTTAATTGCACGC-1	2.52057006449247e-05	2.52057006449249e-05	2.52057006449164e-05	0.0222061485041596	2.5205700644992e-05	0.16942447125088	2.52056983675258e-05	2.52057006449222e-05	2.5205700644926e-05	2.52057006449248e-05	0.768373286054021	2.52057006308304e-05	0.0195202644256245	2.52057006449248e-05	0.00259284743420162	2.52057049078807e-05	0.017605719622048
AAACTTGCAAACGTAT-1	3.49626547337709e-05	0.0421567748657322	3.49626547336325e-05	0.0802873892043891	0.0556583734328695	0.0461013247074718	3.49626547871953e-05	3.49626547337765e-05	0.472248598632507	3.49626547337608e-05	0.303154846787977	3.4962654769008e-05	3.49626547337565e-05	3.49626547337572e-05	3.4962654733752e-05	3.49626567859896e-05	4.30658195746758e-05
AAAGAATGACCTTAGA-1	5.28969449218629e-05	0.0109007386429683	5.28969449215261e-05	0.0186174579683028	0.024026748753949	0.181573228323747	5.28969463310754e-05	0.00933930652594502	5.28969449218679e-05	5.2896944921868e-05	0.692181928799661	5.28969449218745e-05	0.0163505895813933	0.0189695117917416	5.59244402135531e-05	5.28969451282369e-05	0.0276142865560105
AAAGACCCAAGTCGCG-1	2.48281851966117e-05	2.48281851966053e-05	0.0221245807554757	0.0502542445954483	2.48281851967839e-05	0.114044647085679	2.4828193394162e-05	2.48281851966055e-05	0.0168353716427923	0.00693834399009723	0.64704955614111	2.48281851964681e-05	2.48281851966049e-05	2.48281851966058e-05	2.4828185196605e-05	2.48281768491361e-05	0.142504973937582
AAAGACTGGGCGCTTT-1	0.0909429723902816	7.08167677388378e-05	7.08167677388335e-05	0.12220951636937	0.150461306598829	0.313423174123034	7.08167681993861e-05	7.08167677388406e-05	7.08167677388399e-05	0.00890854996389396	0.29165319278049	7.08167673763744e-05	0.00379328193196216	7.08167677388368e-05	7.08167677388365e-05	7.08167744980062e-05	0.0179706549256312
AAAGGCCCTATAATAC-1	0.0475387194477714	5.02801966169631e-05	5.02801966169689e-05	0.0532485376023472	5.02801966169589e-05	0.301831696830956	5.0280199584055e-05	5.02801966169631e-05	5.02801966169709e-05	0.0165120457989065	0.580236455266251	5.02801965111874e-05	5.0280196616963e-05	5.02801966169637e-05	5.06977531182232e-05	5.02802004878413e-05	7.90453277473574e-05
AAAGGCTACGGACCAT-1	0.170994983365622	3.38508586765039e-05	3.38508586765047e-05	0.0762773013826461	3.38508586765045e-05	0.124654344709671	3.38508574657397e-05	0.0484896272328563	3.38508586765071e-05	3.38508586765044e-05	0.544977693798973	3.38508586765022e-05	3.38508586765042e-05	3.38508586765034e-05	3.38508586765054e-05	3.38508620884742e-05	0.0342336900625885
AAAGGCTCTCGCGCCG-1	0.0452292552915395	5.07215338782903e-05	5.06443479090454e-05	0.074350989275629	5.06443479090435e-05	0.223089290287797	5.06443490569229e-05	5.06443479090446e-05	5.06443479090399e-05	5.06443479090434e-05	0.585330407461977	5.06443478172838e-05	0.00408413951031799	5.06443479090437e-05	5.06443479090439e-05	5.06443515736443e-05	0.0673587531550499
AAAGGGATGTAGCAAG-1	5.1213483888425e-05	0.0214967775258076	5.12134838884228e-05	0.039082614301664	5.1213483888418e-05	0.171043673636918	5.12134850525146e-05	5.1213483888424e-05	5.12134838884125e-05	0.0180438936463256	0.630345110809447	0.00975277425276638	0.0202618150149418	5.12134838884239e-05	0.000312070195113615	5.12134889446874e-05	0.0892515627396881
AAAGGGCAGCTTGAAT-1	0.0871332233480982	2.52391516379986e-05	2.52391516379859e-05	0.0947579571319406	0.00883727436577888	0.141671190830796	2.5239149914451e-05	2.52391516380074e-05	0.00945316124127392	2.52391516379989e-05	0.557183209827749	2.5239151426852e-05	0.0525143432049225	2.52391516379873e-05	2.52391516379922e-05	2.52391546000907e-05	0.0482224876836717
AAAGGTAAGCTGTACC-1	0.0786413292834531	2.24163428673352e-05	1.72742314527998e-05	0.0422795265319456	0.0755252361812108	0.132824118311074	1.72742299802362e-05	1.72742314527975e-05	0.0356925821402111	1.72742314528002e-05	0.553475281811545	0.0298422438285451	0.0384526210456677	5.61409893036843e-05	1.72742314527965e-05	1.72742311321447e-05	0.013084858147253
AAAGTAGCATTGCTCA-1	0.178012380798628	3.26004692432724e-05	3.26004692432724e-05	0.0687620432747738	3.26004692432723e-05	0.236170142217555	3.26004684256248e-05	3.26004692432808e-05	3.26004692431761e-05	3.26004692432719e-05	0.46112728092994	3.26004684221522e-05	3.26004692432723e-05	3.26004692432704e-05	0.013347820025277	3.26004694759379e-05	0.0422217275935561
AAAGTCACTGATGTAA-1	2.42464254263722e-05	2.42464254263713e-05	0.0133593487926399	0.075734220079374	2.42464254263729e-05	0.00871945574793495	2.42464349175743e-05	0.00210800715329655	2.42464254263162e-05	2.4246425426373e-05	0.766794540593358	2.42464254263615e-05	2.42464254263729e-05	2.42464254263703e-05	0.00214021113677813	2.4246430007924e-05	0.130901752228283
AAAGTCGACCCTCAGT-1	0.0491613328230993	3.43073600793436e-05	3.43073600793329e-05	3.43073600793542e-05	0.138027171082442	0.158776750201995	3.43073610661409e-05	0.0744868280209979	0.0122813010339285	3.4307360079357e-05	0.478974229453204	3.43073600793264e-05	0.00838267622579108	3.43073600793548e-05	3.43073600793494e-05	3.43073699655122e-05	0.0796009449069558
AAAGTGTGATTTATCT-1	0.00711160044584035	0.0315937631468716	1.6949874518909e-05	0.0873702389710782	1.69498745189168e-05	0.301096891388712	1.6949873023342e-05	1.69498745189087e-05	0.0202983270307136	0.0067519961829708	0.425279788791963	0.0225806658268561	0.027247082727416	0.0208244162694126	2.08043781269089e-05	1.69498716123465e-05	0.0497396754718465
AAAGTTGACTCCCGTA-1	0.0346270735864381	0.00403759833832941	5.19965436650522e-05	0.0366405329142768	5.19965436650537e-05	0.403637177264572	5.1996545109872e-05	5.19965436650548e-05	0.0361578686387333	0.0354811222529037	0.330044016049045	5.19965436052641e-05	0.0403106336623466	0.0338417666012056	5.19965436650565e-05	5.19965395830978e-05	0.0448582348891906
AAATAACCATACGGGA-1	1.6753038909345e-05	2.3463675740529e-05	1.67530389093449e-05	0.0197677743788668	1.67530389093537e-05	0.242200184644774	1.6753038514915e-05	1.67530389093443e-05	0.0463798938266295	1.67530389093468e-05	0.601726349801456	0.00717139640821353	0.0373080208512573	0.0227336439265955	0.018281929393493	1.67530437113671e-05	0.0042900718162007
AAATAAGGTAGTGCCC-1	3.65336738745716e-05	3.65336738745729e-05	3.65336738745668e-05	0.0487093738367398	0.0609510036271581	0.115414939862583	3.65336740356442e-05	3.6533673874575e-05	0.144218066733613	0.163333247963001	0.452742515451676	3.6533673874587e-05	0.00265187121662254	0.00857676001518048	3.65336738745736e-05	0.000912669314108287	0.00223381626203357
AAATACCTATAAGCAT-1	0.00667712249374569	0.00477467075123492	2.37983710067947e-05	0.028287334940192	0.0540713349048927	0.215859623399389	2.37983702408357e-05	2.37983710068068e-05	2.3798371006801e-05	2.3798371006805e-05	0.672991469205745	2.37983710415172e-05	2.37983710068054e-05	2.37983710068053e-05	2.37983710068058e-05	2.37983742425282e-05	0.0171004605922281
AAATAGCTTAGACTTT-1	2.52191063601262e-05	2.52191063601264e-05	2.52191063601261e-05	0.0656742975131595	2.52191063601482e-05	0.170687458662423	2.52191065745749e-05	0.00168685109156172	0.162702611022029	2.52191063601257e-05	0.447263417825745	0.0125942147281826	0.0336381654176715	2.52191063601262e-05	2.52191063601269e-05	2.52191115519915e-05	0.10552601177658
AAATAGGGTGCTATTG-1	4.82194530077401e-05	3.45206226012354e-05	3.45206226012131e-05	0.105311983557215	3.45206226024274e-05	0.269228184564447	3.4520621459986e-05	0.0528673414118206	3.45206226012338e-05	3.45206226012352e-05	0.435660567411189	3.45206226012142e-05	3.45206226012344e-05	3.45206226012309e-05	3.45206226012524e-05	3.4520624928691e-05	0.136503976752519
AAATCGCGGAAGGAGT-1	0.029125121688824	3.58992182202694e-05	3.58992182202709e-05	0.0538049469499273	0.0617933784143849	0.171888387830778	3.58992166550022e-05	3.58992182202695e-05	3.58992182202773e-05	0.012579407806375	0.658536305838822	3.58992183739279e-05	3.58992182202702e-05	0.0119134592816698	3.58992182202712e-05	3.5899226647875e-05	3.58992182202722e-05
AAATCGTGTACCACAA-1	7.90256839260522e-05	1.6426193488966e-05	1.64261934889643e-05	5.7515402101284e-05	1.64261934890542e-05	0.123398248794233	1.64261902203814e-05	1.64261927082191e-05	0.0430428950003469	1.64261934889611e-05	0.764576349529424	1.64261937940622e-05	1.64261934889678e-05	0.00948750743673877	1.64261934889653e-05	1.64261950462905e-05	0.0591941962205277
AAATCTAGCCCTGCTA-1	0.00795242259453185	0.000213435324221266	2.44510246657047e-05	0.109220600024247	2.44510246657063e-05	0.144706107229281	2.44510285824586e-05	2.44510246657021e-05	0.0777807752615069	2.44510246657047e-05	0.613201988825304	2.44510242705785e-05	0.0131934457376244	0.0335065044819646	2.51994224553174e-05	2.44510360935728e-05	2.83639112537356e-05
AAATGATTCGATCAGC-1	0.0584153374738081	3.81943935155842e-05	3.5418871515809e-05	0.0271239722828819	3.54188715158227e-05	0.467840118818936	3.54188702030983e-05	0.0038461603337809	0.0182861665694249	0.0242283985795172	0.348151520606424	3.54188715158114e-05	3.54188715158114e-05	3.54188715158114e-05	3.54188715158152e-05	3.54188776057903e-05	0.0517867799648077
AAATGCTCGTTACGTT-1	0.0595502573093357	0.00515415966923064	5.10792997807971e-05	0.00220676880674505	5.10792997807955e-05	0.333458067588009	5.10793012668053e-05	0.000345437145584138	0.00327057533362171	5.10792997807977e-05	0.567813635755923	5.10792996586405e-05	0.00487451654826328	0.003602908612266	5.10792997807979e-05	5.10793034718896e-05	0.0193661181275017
AAATGGCATGTCTTGT-1	2.50444484431718e-05	2.50444484431743e-05	0.0129741223072432	0.044029421148534	2.50444484431753e-05	0.10883615686219	2.50444534025445e-05	2.50444484431728e-05	0.0385938090627143	2.50444484431707e-05	0.615280318778968	2.50444484431032e-05	0.00388770663707261	2.50444484431769e-05	0.00903874839460323	2.50444578703647e-05	0.1671343167583
AAATGGCCCGTGCCCT-1	0.0446681471900215	0.0634029143606167	1.10350904750093e-05	0.0557784979965942	1.10350904750451e-05	0.131598129471655	1.10350905356584e-05	1.10350904750307e-05	1.1035090475029e-05	1.23722614078291e-05	0.635898768479692	1.10350905377652e-05	1.10350904749333e-05	1.10350904750371e-05	0.00344172925345109	1.10350908538596e-05	0.0651001251717845
AAATGGTCAATGTGCC-1	1.66950525467451e-05	0.0171687930363875	1.66950525467453e-05	0.019373736298517	0.0533513931669016	0.117561426111148	1.66950533214899e-05	0.0152828653717403	1.66950525467559e-05	0.0527640704579366	0.692309665896282	1.66950525467478e-05	1.66950525467525e-05	0.015739963942993	1.66950525467453e-05	1.6695057154044e-05	0.0163145252923376
AAATGTGGGTGCTCCT-1	2.37928329444207e-05	0.00131031361239206	0.0297065731453299	0.0376124366286163	0.0718845387039741	0.0302537514372431	2.37928376224007e-05	2.37928329444724e-05	0.074989201687457	2.3792832944411e-05	0.627340828707421	2.37928329444179e-05	0.00974911753627766	0.00241786140842309	0.00489888127646435	2.3792831518379e-05	0.109693738855483
AAATTAACGGGTAGCT-1	3.5099667477487e-05	0.0109032355056221	3.50996674774791e-05	0.0513859420353378	0.0132234080094651	0.137058229531128	3.50996650175233e-05	3.5099667477487e-05	3.50996674774845e-05	0.01017824547046	0.727057973191413	3.50996675105321e-05	0.00468941212593142	3.68905554008866e-05	3.50996674774849e-05	3.50996748040403e-05	0.0451858662305221
AAATTAATAAGCGCGA-1	0.0392549213559318	3.46751718615185e-05	3.46751718615385e-05	0.00244612542351653	3.46751718614976e-05	0.316645873601146	3.46751717538488e-05	3.46751718615249e-05	0.173183235617036	0.000466300229467845	0.406037079004459	3.46751717915803e-05	0.0311913213784379	0.0304630668413539	3.46751718615212e-05	3.46751739359953e-05	3.46751718615185e-05
AAATTACACGACTCTG-1	1.63933024755515e-05	0.0221793998406319	1.63933024755506e-05	0.0486147309110734	0.0105793963682329	0.140438333867993	1.63933077453983e-05	1.63933024755498e-05	0.105759752803408	1.63933024755558e-05	0.60479074369692	1.63933024755579e-05	1.77080016283449e-05	0.00881673584174762	0.00237683195265762	1.6393301320976e-05	0.0563116135942632
AAATTACCTATCGATG-1	1.71744844739514e-05	0.0644727605464103	0.0242384261433801	0.119899443487554	1.71744844739549e-05	0.0870959114653962	1.71744852928956e-05	1.71744844785092e-05	0.022275838386635	1.7174484473954e-05	0.605468558489638	1.71744844739541e-05	0.00503272739511196	0.00954957527696648	0.0410358214877453	1.71744854443446e-05	0.0208107159280516
AAATTCCAGGTCCAAA-1	1.1655350274116e-05	0.0107881335116	1.16553502741045e-05	0.0476241401822421	1.16553502741025e-05	0.185806981053409	1.1655352000026e-05	0.00836556610778494	0.0598863077553552	0.0161768659518741	0.619866842904311	1.16553502741484e-05	1.16553502741018e-05	1.89611873085358e-05	1.16553502741076e-05	1.165536078671e-05	0.0513729585316839
AAATTGATAGTCCTTT-1	0.0480671463934344	0.00111856306059267	0.0479983903866372	0.100291802730435	2.10149658042299e-05	0.142900573602821	0.0149003952776052	1.61964921623194e-05	0.0978492687349971	1.61964921623173e-05	0.546711881123154	1.61964921708264e-05	1.61964921623202e-05	1.61964921623207e-05	2.2855701935301e-05	1.61964913343822e-05	2.09290704292509e-05
AAATTGCGGCGGTTCT-1	1.67721744521426e-05	1.67721744521423e-05	0.00965862648542349	0.106729747656811	1.67721744521442e-05	0.0120890439216971	1.67721732162622e-05	1.67721744521403e-05	0.00590160419347185	0.00893753031322018	0.827213536019874	1.6772174461628e-05	0.00541449977135627	3.09434934323149e-05	0.00744606163075927	1.677217759829e-05	0.01646100129087
AAATTTACCGAAATCC-1	1.82880803747232e-05	1.82880803747234e-05	0.0129030589161211	0.0774958924209275	0.035424311355878	0.208986858014539	0.00202220264516792	0.0129188395840922	0.031490531417365	0.0140542626184513	0.522038235992756	1.82880803747267e-05	1.8288080374729e-05	0.004008292088045	1.82880803747298e-05	1.82880812381086e-05	0.0785477864635458
AAATTTGCGGGTGTGG-1	0.0143717399607975	1.6315685233512e-05	0.0377172648098143	0.0646273077822907	1.63156852335463e-05	0.142485195102807	1.63156810585472e-05	1.63156852335629e-05	0.0960421626695383	1.64437608015304e-05	0.518181043143433	1.63156852975528e-05	1.6315685233509e-05	2.58701339077912e-05	1.63156852335097e-05	1.63156839328754e-05	0.126402447160154
AACAACTGGTAGTTGC-1	1.5849740524655e-05	2.15781617920814e-05	1.58497405246548e-05	3.67528667937663e-05	1.58497405246572e-05	0.379712789501335	1.58497391029952e-05	1.58497402791671e-05	0.0267987329356471	1.5849740524669e-05	0.535585921781775	1.58497403287746e-05	0.010430272193119	1.58497405246591e-05	1.58497405245282e-05	1.58497417469844e-05	0.0472554551549314
AACAATACATTGTCGA-1	0.150909233858848	7.37927035150462e-05	7.37927035150448e-05	7.96881930094626e-05	0.00879889360797818	0.302993799302473	7.37927063791132e-05	7.3792703515046e-05	7.37927035150475e-05	7.37927035150456e-05	0.481387223662235	7.37927035149189e-05	7.37927035150461e-05	7.3792703515047e-05	7.37927035150479e-05	7.37927114542188e-05	0.0550194416259881
AACAATTACTCTACGC-1	0.0763646993055893	0.0124965139824237	3.42711602645775e-05	0.0422386151588765	0.0656725983810144	0.232744147370904	3.42711680624974e-05	3.42711602645823e-05	3.42711602645826e-05	3.4271160264584e-05	0.540285959012091	3.42711602367173e-05	3.42711602645825e-05	0.0202106429369078	3.42711602645835e-05	3.42711659454357e-05	0.00967838339636105
AACACACGCTCGCCGC-1	0.0239160873565969	3.61752036986729e-05	0.0116523775366584	0.0801742350570557	0.00494650605917865	0.171808006031906	3.6175202354769e-05	0.005519206016928	3.61752036986812e-05	3.61752036986725e-05	0.66153958361467	3.61752036986697e-05	0.0183338721672036	0.0080844954158698	3.6175203698673e-05	3.61752097128816e-05	0.0137724043133726
AACACGACTGTACTGA-1	2.4211289004277e-05	0.014397228300544	0.00761361106285539	0.0316866743543795	0.0414569184388848	0.00727670543314434	2.42112951603091e-05	2.42112890042703e-05	7.32565557155341e-05	2.42112890042686e-05	0.742692212190374	2.42112890042732e-05	0.0328767223385797	0.00227223254569335	0.0296184806847173	2.42112821483099e-05	0.0898906903617865
AACACGAGACGCGGCC-1	0.145987517967838	0.0268103368008029	2.7443073547246e-05	0.0694187805539245	0.096206770084487	0.168509822461577	2.74430735985834e-05	2.74430735472946e-05	2.74430735472654e-05	2.74430735472447e-05	0.445260927835084	2.744307353598e-05	2.74430735472466e-05	0.0193509386325731	0.0276756101609688	2.74430751642307e-05	0.000559750912709585
AACACGCGGCCGCGAA-1	3.49439431980308e-05	0.00591010507876444	0.0287685256238372	0.0357971094002772	3.4943943198037e-05	0.0631186682518817	3.49439521000522e-05	0.00235978845978923	0.108001989985091	0.0464045957633506	0.58397434665837	0.000704274434110574	0.00586111735719743	3.4943943198031e-05	0.000834739001703175	3.4943945465062e-05	0.118090020258469
AACAGCTGTGTGGCAA-1	4.7194108036268e-05	2.45998999325272e-05	2.45998999323993e-05	0.00296339068891969	2.45998999325133e-05	0.0257679360584308	2.4599899666498e-05	2.45998999325569e-05	0.0147803142660984	0.0112951839132102	0.74955497143614	2.45998998289143e-05	0.00965771004346857	2.85952743051125e-05	0.00117344799574597	2.45999002751033e-05	0.184559056916144
AACAGGAAATCGAATA-1	1.58313157222919e-05	1.58313157222948e-05	1.58313157222951e-05	0.0834847472099349	0.0298638931625338	0.0309221090587427	1.58313168150245e-05	1.58313157222957e-05	0.0768411902072637	0.00225768382051019	0.655137693926172	0.0024546926270477	0.00542692180510084	1.58313157222946e-05	1.58313157222947e-05	1.58313243507661e-05	0.113484417647195
AACAGGATGGGCCGCG-1	0.219355853869733	1.71484135203825e-05	1.7148413520128e-05	0.0726663539588327	5.61759127415833e-05	0.125385904318494	1.7148412117402e-05	0.000751777151646248	0.0442983325599308	1.71484135201299e-05	0.468741974462871	1.7148413523283e-05	0.0501226021408082	0.0184838383185286	1.71484135201286e-05	1.71484131733077e-05	1.71484135201182e-05
AACAGGTAGTATGGAT-1	0.00244474872801004	0.00142122351117877	2.40268209662504e-05	0.0641293089614645	0.0429965420955791	0.135546419754311	2.40268203688778e-05	2.40268209662499e-05	2.93980821318831e-05	2.40268209662501e-05	0.740775282142115	2.40268206834642e-05	0.00546153464610884	0.00134395965746836	2.40268209662506e-05	2.40268319303587e-05	0.00568339466478528
AACATATCAACTGGTG-1	0.00293494208859605	0.0326078339107335	1.14590071233376e-05	0.021747896427811	1.14590071233395e-05	0.0687910898597746	1.14590052128046e-05	1.14590071857418e-05	0.0631752063273372	1.14590071233377e-05	0.728602616608831	1.14590071233349e-05	0.0194573302640854	2.06624295269612e-05	1.17671451732208e-05	0.00797070342258994	0.0546111974746494
AACATTGAAGTTGATC-1	5.14968751665325e-05	5.14968751665314e-05	5.14968751665341e-05	0.0282573888497974	5.14968751665306e-05	0.282328750459615	5.14968730708032e-05	5.14968751665308e-05	5.14968751665092e-05	0.00362940072873379	0.597909182417521	5.14968753218907e-05	0.0311493996397157	0.00252767922527402	5.14968751665315e-05	5.1496883058385e-05	0.0536832299217261
AACATTGGTCAGCCGT-1	1.67543541976823e-05	1.67543541976812e-05	1.67543541976817e-05	0.104095395268238	0.0811022560190043	0.000217584837166465	1.67543530442142e-05	1.67543541976779e-05	0.0197521373668282	1.67543541976687e-05	0.773279316935956	1.67543543901857e-05	0.0115532280015842	1.67543541976818e-05	1.67543541976771e-05	1.67543636577848e-05	0.00983253802074699
AACATTGTGACTCGAG-1	0.0591039833438687	3.46914893867912e-05	3.46914893867974e-05	0.0401106493616705	0.175253686767452	0.137142337127641	3.46914893361668e-05	3.46914893867957e-05	0.0119531289275757	0.00906953153591976	0.542114190566538	3.4691489361196e-05	3.46914893867914e-05	0.00821403853962846	3.46914893867916e-05	0.00101759056377667	0.0157780228402979
AACCAGTATCACTCTT-1	2.43750148149861e-05	2.43750148149867e-05	2.43750148149851e-05	0.0874802798551004	0.0156238980705397	0.341151764851102	2.43750148269741e-05	2.43750148149824e-05	0.0731582469029535	0.0310930212679415	0.433300191896589	2.4375014783768e-05	3.07506541348151e-05	2.52477302764801e-05	2.43750148149852e-05	2.43750096211681e-05	0.0179415986580559
AACCATAGGGTTGAAC-1	2.46117428358902e-05	0.00105911976289135	2.4611742835887e-05	0.0206305111360366	2.4611742835887e-05	0.0870168024936541	2.46117430392381e-05	2.46117428358847e-05	2.46117428358899e-05	2.46117428358862e-05	0.823449925578643	0.00510079138255853	0.011055791388955	0.0199084548188118	0.0303055273295197	0.00127618216603979	2.46117428358868e-05
AACCATGGGATCGCTA-1	0.0603040392204398	5.22241690987627e-05	5.22241690987608e-05	0.0534235256018862	0.0428054308694006	0.211916467540998	5.22241703612569e-05	5.22241690987623e-05	5.22241690987612e-05	0.0545468448708371	0.537257795414343	5.22241690987626e-05	0.00747196287151477	5.22241690987628e-05	5.22241690987619e-05	5.22241785877935e-05	0.0318039160779398
AACCCAGAGACGGAGA-1	0.0666689856775028	5.25222331849728e-05	5.25222331849745e-05	0.0370993070159557	0.0431918983296855	0.216113870286953	5.25222376980415e-05	5.25222331849723e-05	5.2522233184971e-05	0.0374647792528893	0.545101658305048	5.25222330934806e-05	0.00657918083566416	0.00268521168868116	5.2522233184972e-05	5.25222415850398e-05	0.0446749307293192
AACCCATCCCATGATC-1	4.84346040950129e-05	4.8434604095018e-05	4.84346040950181e-05	0.0128505385098636	4.84346040950183e-05	0.230212983711824	4.84346052761709e-05	0.025147895613125	4.8434604095018e-05	0.00205003163574255	0.674336192386674	4.8434604095014e-05	4.84346040950177e-05	4.84346040950181e-05	4.84346040950199e-05	4.84346097095726e-05	0.0548695774909293
AACCCGACAACCCGTG-1	0.00481143422418629	3.64917280468131e-05	3.64917280468162e-05	0.0434201936879919	3.64917280468136e-05	0.147177103706297	3.64917282453936e-05	0.0124776147116085	3.64917280468134e-05	0.0120708227210536	0.726058589408002	3.64917280467989e-05	3.64917280468134e-05	3.64917280468127e-05	0.0283945759157351	0.00213597199725268	0.0231617598032991
AACCCTACTGTCAATA-1	0.0243315763360124	0.0421744596687141	2.52667588007791e-05	0.0616588953201122	2.52667588007762e-05	0.327207682718162	2.52667590110725e-05	2.52667588007787e-05	0.0569186829104944	2.52667588007785e-05	0.402815158405728	2.5266758455434e-05	0.00387152424373558	2.52667588007787e-05	0.0020882606314859	2.52667661534189e-05	0.0787316256879315
AACCCTGGTGGAACCA-1	2.48708729816888e-05	2.4870872981688e-05	2.48708729816891e-05	0.11454909013159	2.48708729816875e-05	0.0388540675325794	2.48708729533152e-05	2.48708729816865e-05	0.029795066187772	0.0169176186665652	0.680355658627914	2.48708729639126e-05	2.48708729816884e-05	2.48708729816898e-05	0.01018343135549	2.48708739181231e-05	0.109096358767382
AACCGAGCTTGGTCAT-1	0.129172220955481	0.0193874604640207	5.42952884741505e-05	0.0543921423570928	0.00176673105406652	0.137892719387488	5.42952872870527e-05	5.42952884741506e-05	0.00302694640471666	0.00569682211021015	0.534541861098906	5.42952884741644e-05	0.0370994714242904	0.00234969904097342	5.42952884741499e-05	5.42952979177918e-05	0.0743481539636535
AACCGCTAAGGGATGC-1	2.55815827097374e-05	0.0117716768603317	2.55815827097385e-05	0.122857520857243	2.55815827097256e-05	0.107865825823909	2.55815829539727e-05	2.55815827097416e-05	2.55815827097236e-05	0.0135437889550481	0.668381487450061	2.55815827097404e-05	0.00517138999523645	2.55815827097403e-05	0.00584546091458444	2.55815855446216e-05	0.0643326148961192
AACCGTTGTGTTTGCT-1	0.0037175217100647	3.51403592290108e-05	0.0144089102725757	0.0544592775495057	3.51403592290256e-05	0.0788993955021637	3.51403591776832e-05	3.51403592290088e-05	0.0496152531489295	0.00158513276471196	0.635737148349193	3.51403592289015e-05	3.51403592290117e-05	3.51403592290117e-05	3.51403592290116e-05	0.00025397298942403	0.16104226483965
AACCTCGCTTTAGCCC-1	0.0328273753533843	4.8711752755413e-05	4.87117527554118e-05	0.0397331451916561	0.000372775816012539	0.289744649445451	4.87117528695505e-05	4.87117527554193e-05	0.0335461006462057	4.87117527554122e-05	0.507687908052188	4.87117527652681e-05	4.87117527554131e-05	0.0190257849348003	0.00200869330475957	0.00110784363260145	0.0736047413535291
AACCTTTAAATACGGT-1	0.0947303428167972	2.27084162655652e-05	2.27084162656856e-05	0.0970311693964676	2.2708416265532e-05	0.149490991883237	2.27084162655664e-05	2.27084162656456e-05	2.27084162658546e-05	2.27084162655672e-05	0.493046708830218	2.27084158411562e-05	0.036135913995171	0.0153843484729219	2.27084162655797e-05	2.27084176324899e-05	0.113953440441589
AACCTTTACGACGTCT-1	1.70899450826845e-05	0.0253752672969535	1.70899450826742e-05	0.028039752199575	1.7089945082678e-05	0.324381710721633	0.00384272892194806	0.00468436013919449	0.0436961164976544	1.70899450826881e-05	0.533506859286284	1.70899451125313e-05	2.04233227083838e-05	0.0137662494385377	1.7089945082676e-05	1.70899462615638e-05	0.0225669025587242
AACGAAAGTCGTCCCA-1	0.0674228332588058	0.0157283421235149	3.54115041761409e-05	0.0166891492881842	0.00668992717277522	0.150304762081676	3.54115051772364e-05	3.54115041761492e-05	3.54115041761513e-05	3.54115041761506e-05	0.721553656529163	3.54115040217119e-05	0.00822058271435646	3.57341709075752e-05	3.56278031254496e-05	3.5411513167582e-05	0.0130715043184203
AACGATAATGCCGTAG-1	0.12144002061976	3.29888127855778e-05	3.29888127855863e-05	6.76257748751068e-05	3.29888127855572e-05	0.194463974305569	3.29888113030996e-05	3.29888127855772e-05	3.29888127855787e-05	3.29888127855765e-05	0.584909155541286	3.29888130034501e-05	3.29888127855769e-05	3.29888127855804e-05	3.29888127855772e-05	3.29888145177143e-05	0.0987233580046154
AACGATAGAAGGGCCG-1	2.41853322333855e-05	2.41853322333852e-05	0.0139091424002603	0.028054208081146	0.0142776877590279	0.149606508929437	2.41853349852809e-05	2.41853322333853e-05	9.26963845930802e-05	0.00382705226943529	0.669427957614991	2.41853319953725e-05	0.0144728064404356	2.41853322333855e-05	2.41853322333855e-05	2.41853354861403e-05	0.10613845745704
AACGATATGTCAACTG-1	2.48831030511309e-05	2.48831030511396e-05	2.48831030517617e-05	0.0383226408013043	2.48831030511396e-05	0.0906860981312207	2.48831042788169e-05	2.48831030511341e-05	0.0214180460433092	2.48831030511397e-05	0.758313150754733	2.48831030511403e-05	0.0253933415311747	2.48831030511391e-05	0.0326028183216365	2.48831104880333e-05	0.0330150733774447
AACGCATGATCTGGGT-1	0.0533518670419081	4.21320484016792e-05	3.5358790148e-05	0.0239684291480033	0.0623612728320259	0.438652713615063	3.53587935338991e-05	3.53587901480067e-05	3.53587901479995e-05	3.53587901479994e-05	0.391239229435167	0.00693581351719909	3.53587901479996e-05	3.707558802913e-05	3.53587901480007e-05	3.53588057418494e-05	0.0231285964340392
AACGCGAACGGCAACA-1	2.50739636966431e-05	2.50739636966416e-05	2.50739636966413e-05	0.0550467849568503	0.0143859990842832	0.105421097682021	2.50739662990411e-05	0.00658677274650098	0.0255835029209979	0.0217527936653282	0.675376165782941	0.0019536240356451	0.00735701657209573	2.50739636966411e-05	0.0111514534924726	2.50739776100804e-05	0.0752343452621682
AACGCGACCTTGGGCG-1	0.0251447388412858	0.0190850713683665	5.26125475900232e-05	0.0514844607751944	0.0475856308248039	0.174754426587213	5.26125497713829e-05	0.00512498757821007	5.26125475900329e-05	0.0377054085497009	0.560512954227909	5.26125470006536e-05	5.26125475900325e-05	0.016980364625406	0.0124965320843633	5.26125547797938e-05	0.0488097492432254
AACGCGGTCTCCAGCC-1	0.0362119514339521	0.00283214948820388	4.87228441873203e-05	0.0193868622007707	0.00885468297222005	0.286970494215278	4.8722845667491e-05	4.87228441873212e-05	4.87228441873211e-05	4.87228441873213e-05	0.566011870174533	4.87228443533529e-05	0.00769878736800359	0.0188086471624032	4.87228441873215e-05	4.87228449716685e-05	0.0528347722287067
AACGCTGTTGCTGAAA-1	0.00300521783953735	0.026609127867763	2.4757265707105e-05	0.0469927445719338	2.47572657071067e-05	0.298547353741575	2.47572657917677e-05	2.47572657071049e-05	0.0142732919705804	0.00919695688031172	0.556389962248232	2.47572657025165e-05	2.47572657071052e-05	0.0186504864028157	0.00409027187286737	0.00107407091120374	0.0210219720988567
AACGGACGTACGTATA-1	0.0358872830656573	0.0249573430152548	2.51350865979976e-05	0.0476214970849274	2.51350865979976e-05	0.235644599144391	2.51350868486456e-05	0.00568629007988873	2.51350865980002e-05	0.0124187812900951	0.636995951076607	2.51350865980094e-05	2.51350865979976e-05	0.000508193053954745	2.51350865979973e-05	2.51350924560807e-05	7.89814903307937e-05
AACGGCCATCTCCGGT-1	0.0290553890150502	1.11102812333508e-05	1.11102812333447e-05	0.109440909484986	0.10057941697627	0.0605957252818671	1.11102821136084e-05	1.11102812333093e-05	1.11102812333722e-05	1.1110281233343e-05	0.651312009628929	1.11102809698169e-05	0.0488795589209781	2.58878808865222e-05	1.11102812333543e-05	1.11102793160535e-05	1.1110281233349e-05
AACGTACTGTGGGTAC-1	0.112425055064002	0.00501814272342687	0.0084811945675955	0.0391587059158246	3.51864602012822e-05	0.118219186506867	3.51864588986398e-05	0.00459515815063854	3.51864602012787e-05	3.51864602012828e-05	0.668513805315134	3.51864602014564e-05	0.0188874697705172	0.00119230015568557	3.51864602012814e-05	3.51864603954383e-05	0.0232626766100073
AACGTCAGACTAGTGG-1	0.0962973458706668	0.0119834955387575	2.70725262445194e-05	3.45696794060281e-05	2.70725262445093e-05	2.70725262445247e-05	2.70725241385014e-05	2.70725262445177e-05	2.70725262443806e-05	0.101936175620316	0.663959399218447	2.70725263697171e-05	2.70725262445079e-05	2.70725262445111e-05	0.0329970996472101	2.70725253458964e-05	0.0925211891656306
AACGTGATGAAGGACA-1	2.37256281962693e-05	0.00141487384869771	0.00939529189093774	0.0310139269288643	0.0193488428737017	0.207214107508549	2.37256396656271e-05	0.00769435432474557	0.110889092794999	0.0144638260575049	0.504377250247523	0.0182197218221152	0.0276331257519771	0.00310249168441528	2.37256281962696e-05	2.37256295168147e-05	0.045138191740394
AACGTGCGAAAGTCTC-1	0.00502133778204743	0.0191201413222124	0.0141511766244308	0.0202438853386069	0.00963919435984889	0.117389138426448	3.63979120076104e-05	0.00157507896817981	0.0262183114574688	0.00901400154933348	0.61594046754759	0.00631062030533556	0.0233859901386725	0.00269268419295527	3.63979087102906e-05	3.63979070387836e-05	0.129188778259113
AACGTTATCAGCACCT-1	2.51027336411156e-05	0.00964534539828777	2.51027336411115e-05	0.0643365806537382	0.0495400727018035	0.322479713058487	2.51027339604225e-05	0.00408702078280156	2.51027336411088e-05	0.0378502275359071	0.495874848533414	2.51027336411119e-05	0.0159528081910091	3.25612689117766e-05	2.51027336411132e-05	2.51027398327726e-05	2.51027336411164e-05
AACTACCCGTTTGTCA-1	2.5204710915865e-05	2.52047109158593e-05	2.52047109158598e-05	0.0550973226913292	0.0781478441909939	0.0922105880209811	2.52047100707987e-05	2.5204710915885e-05	2.52047109158648e-05	0.0663422705777973	0.640638696629969	2.52047109158574e-05	0.00250343138983932	2.52047109158595e-05	2.52047109158597e-05	2.52047183116621e-05	0.0648077993833809
AACTAGCGTATCGCAC-1	3.45477354872538e-05	0.00109845054449007	0.00370220510640681	0.0745669033975379	0.0105198176664427	0.0787740172735631	0.00391998299417331	3.454773548725e-05	0.0371170637388631	3.45477354872531e-05	0.627095717906586	0.0188617056147921	0.00738223459138458	0.000954495669953407	3.45477354872539e-05	3.45477361609857e-05	0.135834666817697
AACTAGGCTTGGGTGT-1	0.139513626345458	4.86426479480564e-05	4.86426479480708e-05	0.087799168192145	8.57756385258383e-05	0.104467344304383	0.00286176235859709	4.86426479480596e-05	0.070975310872771	0.0245843192466593	0.512701674779339	4.86426480214552e-05	0.0264656791157683	4.86426479480589e-05	4.86426479480604e-05	0.000910813079684549	0.0293426701789072
AACTCAAGTTAATTGC-1	0.00321774178781258	1.12257313158182e-05	1.23152447603543e-05	2.03358835787436e-05	0.0333379234269288	0.254634618164159	0.0388032274038372	1.12257313157711e-05	1.12257313157943e-05	1.12257313158087e-05	0.631049735011707	1.12257316265935e-05	2.33585308474378e-05	1.12257313158317e-05	1.29573698138613e-05	1.12257333664386e-05	0.0388092070549823
AACTCCTAATCCCATG-1	1.62942834945736e-05	1.6321614163942e-05	1.62942834945751e-05	0.123852792706116	1.62942834945724e-05	0.0681532680139356	1.62942929279857e-05	0.0054974442260555	0.0135650021884667	0.00578823468617659	0.736026085261583	1.62942834945706e-05	0.00909517336782586	1.62942834945733e-05	0.00149541220600321	1.62942855462161e-05	0.0363962057337262
AACTCGATAAACACGT-1	1.59852608168452e-05	4.55455166079672e-05	1.59852608168435e-05	0.0587366387351627	1.59852608168583e-05	6.59198889913708e-05	1.59852596250903e-05	1.59852608168419e-05	1.5985260816843e-05	0.000492679905839525	0.891581526943883	1.59852609669955e-05	0.0123181055028755	3.14620422913181e-05	1.59852608168435e-05	1.59852563348677e-05	0.0365842541225201
AACTCGATGGCGCAGT-1	0.00946003196267084	0.0135578647640722	2.50245028989672e-05	0.0110708625149251	2.50245028989636e-05	0.1841985723703	2.50244983871159e-05	0.0134261981474991	0.00922240139749047	0.0193907013804509	0.646667988134726	0.00804762947663011	2.50245028989682e-05	0.0080026030846224	0.00153985693060998	2.5024502919868e-05	0.0752901673259989
AACTCTCAATAGAGCG-1	0.0054689892358026	0.00949712501015822	0.00145568163032206	0.123022470934692	1.69696552897891e-05	0.120482813349354	1.69696538187008e-05	1.69696552897979e-05	0.0957355601932835	0.0332660077654553	0.499137379726391	1.69696551591312e-05	0.0283299711756475	0.0174994311305973	1.6969655289799e-05	1.69696500919241e-05	0.0660027519233566
AACTCTCAGTGTGCTC-1	1.14528580747591e-05	1.14528580747564e-05	1.14528580747512e-05	1.51910395180768e-05	1.145285807986e-05	0.123410875382553	1.14528567709641e-05	1.14528580749133e-05	1.1452858075389e-05	1.14528580747141e-05	0.830102314133168	1.14528581705864e-05	1.14528580747062e-05	0.00615423561923209	1.1452858074745e-05	1.14528597771827e-05	0.040179949528132
AACTGATATTAGGCCT-1	0.000333928119130869	2.42586147434746e-05	0.0186194449428735	0.0746137043602489	2.42586147434744e-05	0.0768597855857787	2.42586220245683e-05	2.42586147434743e-05	0.031624685972812	2.42586147434747e-05	0.679470060354653	2.42586147434866e-05	0.021859858718823	2.42586147434752e-05	2.42586147434747e-05	2.42586211515169e-05	0.0964002043993
AACTGGGTCCCGACGT-1	0.00871588442666161	3.61467003626465e-05	3.61467003626449e-05	0.0147297787754773	0.0145745975145807	0.200274506471688	3.61467024988247e-05	3.6146700362642e-05	0.0314554137829033	0.000500396195559573	0.614095417005483	3.61466993882308e-05	3.61467003626465e-05	3.61467003626462e-05	0.00485979568535305	3.61467149465247e-05	0.110505036523646
