Bcell	astrocyte	dendriticcell	endothelialcell	macrophage	malignantcell	mastcell	matureTcell	microglialcell	monocyte	muralcell	naturalkillercell	neuron	oligodendrocyte	oligodendrocyteprecursorcell	plasmacell	radialglialcell
AAACAAGTATCTCCCA-1	5.15534919674267e-05	0.00239369136508211	5.15534919695565e-05	0.0233825473009712	5.15534919726272e-05	0.806666558813811	0.002370949724107	8.04814660919291e-05	0.0216879014837062	5.1553491967427e-05	0.000453211277702043	0.00625760674831352	0.121676932916239	5.15534919674276e-05	0.0146536981749232	5.15534933494488e-05	6.70997758589653e-05
AAACACCAATAACTGC-1	3.33128964783439e-05	0.0288724187101782	3.3312896478334e-05	0.0661669710424606	0.0276750794330532	0.584503886967296	3.33128964811715e-05	3.33128964783363e-05	0.0791490861102253	0.03161368459191	0.138348650114287	3.33128964783346e-05	0.0271527912984379	3.3312896478335e-05	0.0161028736792789	0.000181367777521551	3.33128964783446e-05
AAACAGAGCGACTCCT-1	2.465047698269e-05	0.0346785983959236	0.000469759881410568	0.00318402943735152	2.46504769826877e-05	0.862096844147034	2.46504769850409e-05	2.46504769841636e-05	0.0065910048762816	2.46504769826631e-05	2.46504769826875e-05	2.46504769826845e-05	0.0316825836097203	2.46504769826875e-05	0.0367800613237314	2.46504782935739e-05	0.0242952640343882
AAACAGCTTTCAGAAG-1	0.0388902294153659	1.79616599581027e-05	1.79616599579838e-05	0.00967188470409168	0.057593202280004	0.80510421427326	1.7961659331997e-05	1.79616599581071e-05	1.79616599581113e-05	0.0302979475685254	0.00530962825426838	0.00102199150533961	1.79616599581019e-05	1.79616599581027e-05	1.79616599580923e-05	1.79616539104671e-05	0.0519492470661961
AAACAGGGTCTATATT-1	0.00079853490824328	0.0251698721235745	3.41848542030522e-05	0.0190816582684198	0.0300591366148892	0.820215657081652	0.00126688310495671	3.41848542033605e-05	0.0158013679281951	0.00608394398848845	0.080744276567864	3.41848542033606e-05	0.00053796470988309	3.41848542033607e-05	3.43738862303576e-05	3.41848576307261e-05	3.5406543160188e-05
AAACCGGGTAGGTACC-1	1.11401930411916e-05	0.00961472677396197	1.11401930423648e-05	0.0439987742140602	1.11401930408944e-05	0.829275495629902	1.11401931817271e-05	0.000631271962534847	0.0148857558734997	1.11401930411923e-05	0.0516172036827117	1.15396854362724e-05	0.0283518826227343	0.000423428480874377	0.0210919398323139	1.11401934775393e-05	3.11400831463931e-05
AAACCGTTCGTCCAGG-1	2.42485177160727e-05	0.00250891547053505	2.42485177163239e-05	0.0217887374449571	2.42485177160743e-05	0.777385490149742	2.42485180532656e-05	2.42485177160694e-05	0.0499018877277574	2.42485177160695e-05	0.0337164589865571	0.00392060488170834	0.0121462164478499	2.42485177160709e-05	0.0579583589533374	2.42485224502643e-05	0.0404793417907554
AAACCTCATGAAGTTG-1	3.50629373370121e-05	3.75077877856512e-05	0.00272631411817988	0.00228468293448393	3.50629373368106e-05	0.934449729955526	0.000371667767101565	3.50629373370159e-05	0.0340613646595985	0.00167188749261922	0.0141004363944583	3.50629373372194e-05	0.00986000166788636	3.50629373370146e-05	4.04616039457831e-05	3.50629428951343e-05	0.000185567988834355
AAACGAAGAACATACC-1	0.00240119480813798	0.00484572309938051	2.60276032429497e-05	2.60276032542586e-05	2.60276032542583e-05	0.970440289977427	2.60276031442233e-05	2.60276032542602e-05	2.6027603250923e-05	2.60276032542595e-05	0.00674293658396154	2.60276034297981e-05	0.00375380256782233	0.00975137386233486	2.91458439692672e-05	2.60276056312096e-05	0.00180128482525067
AAACGAGACGGTTGAT-1	4.68243575033883e-05	5.04169761979791e-05	0.0030137618706123	0.200643109133105	0.025847990836247	0.481389304561332	0.000440491928462346	4.68243575033892e-05	6.89295311964562e-05	4.6824357503389e-05	0.274560538588716	0.000979497944120732	0.0017959782908456	4.83666376697399e-05	0.0108545269227414	4.68243603326798e-05	0.000119789345910995
AAACGGTTGCGAACTG-1	3.55829639297125e-05	0.0141985052753089	3.55829639288515e-05	0.0117126078472886	0.0277092134970245	0.862092688912292	3.55829639296708e-05	3.55829639297131e-05	3.55829639297143e-05	0.0347009135068004	0.0418325112021945	3.55829645354899e-05	3.5582963929712e-05	3.55829639297129e-05	0.00738988124810899	3.55829804780027e-05	4.3431818462004e-05
AAACGTGTTCGCCCTA-1	3.53414882728939e-05	0.0358768681965948	3.534148826519e-05	0.0892357557807622	3.53414882728922e-05	0.786092861017316	3.53414881020255e-05	3.53414882803959e-05	0.00924648602584109	3.53414882728935e-05	3.53414882728933e-05	3.53414882728953e-05	0.00693698892599894	0.0210273867534241	0.00733885267533654	3.5341487426269e-05	0.0439267272312879
AAACTAACGTGGCGAC-1	3.51043682791178e-05	0.0116560878335582	3.51043682743581e-05	0.0498963140731621	3.51043682791182e-05	0.772535846095541	0.00175462517839182	3.51043682791174e-05	0.0129487067085133	3.5104368279119e-05	0.0364937981932693	3.51043682791188e-05	0.0505494990480905	0.0178700035479289	0.0130181519554928	3.51043694572127e-05	0.0330312367869246
AAACTCGGTTCGCAAT-1	0.0273686950415725	0.0114952896080044	0.00432491297771135	0.0433318429843291	0.00186969146585143	0.869780072176769	3.67677070388844e-05	3.67677080778352e-05	3.67677080762383e-05	3.67677080778346e-05	0.0413318757053629	3.67677080778408e-05	3.67677080778352e-05	3.67677080778347e-05	3.67677080778348e-05	3.67677231483594e-05	0.00016671065366872
AAACTCGTGATATAAG-1	2.5251664164254e-05	0.00306616417562263	2.52516641650257e-05	0.00791800705398649	2.52516641642487e-05	0.756587007469093	2.52516641653562e-05	2.52516641642482e-05	0.0481867965810858	2.52516641640756e-05	0.00216689238556661	2.5251664153335e-05	0.036793511655868	2.525166416425e-05	0.036862301569722	2.52516680669808e-05	0.108192054127683
AAACTGCTGGCTCCAA-1	2.36656098458565e-05	2.3973829331022e-05	2.36656098465168e-05	0.0740050562538388	0.0100712922835989	0.82022409780243	2.36656098450919e-05	2.36656098458572e-05	0.000747881227074243	2.36656098458568e-05	0.0589638985667303	2.36656098456831e-05	0.00284083442031496	2.3665609845855e-05	0.0328403010868684	2.36656211499799e-05	9.33396397433016e-05
AAACTTAATTGCACGC-1	5.24739887482407e-05	0.0240414235922913	5.24739887482412e-05	0.023728262013491	0.0967821416010934	0.748404897285996	5.24739895084182e-05	5.24739887482375e-05	5.24739887482448e-05	0.0340634454118205	0.0447369043180811	5.2473988748241e-05	0.0202569915138454	0.00199967567565794	0.00556646667748102	5.24739882443727e-05	5.24739887482403e-05
AAACTTGCAAACGTAT-1	3.4407055148419e-05	3.49147322600083e-05	3.44070551482122e-05	0.00810387889582501	3.44070551484161e-05	0.834994220911028	3.44070551473383e-05	3.44070551484193e-05	0.121231065572172	0.00522018493920912	0.0112038811082508	3.44070551500237e-05	0.00361665617412628	3.44070551484193e-05	3.96150377949634e-05	3.44070666824301e-05	0.0152803261766124
AAAGACCCAAGTCGCG-1	2.48065983519736e-05	0.0246784567687142	2.48065983513986e-05	0.0100289088964878	2.48065983519603e-05	0.788095642942352	2.48065972520457e-05	2.48065983519765e-05	0.0578994567164921	2.48065983519704e-05	2.48065983519746e-05	2.48065983724104e-05	0.0317339306300164	0.0180328850215563	0.0457650124437954	2.48066057929077e-05	0.0235424471890571
AAAGACTGGGCGCTTT-1	2.39776048794283e-05	0.00191050489379906	0.00496008491931596	0.071869678747579	2.39776048787035e-05	0.77562959525013	2.39776046700225e-05	2.39776048794298e-05	0.0205530933799289	2.39776048794287e-05	0.101290933527812	0.0110631336965356	0.00113629486303493	2.39776048794279e-05	2.39776048794317e-05	2.39776224737103e-05	0.011394859865445
AAAGCTTGCCTACATA-1	0.0088239589287687	0.00129608160656552	5.20340955033371e-05	0.0215784859588249	5.203409550511e-05	0.787593359788969	5.20340955042757e-05	5.20340955029774e-05	0.0122484327324428	0.000723887061358303	0.0204786573184069	5.20340955029747e-05	0.0446732166439161	5.20340955029746e-05	6.28013146320875e-05	5.20341013238404e-05	0.10215687997177
AAAGGCCCTATAATAC-1	2.46205072447685e-05	0.016994224643887	2.4620507243422e-05	0.00348474637907591	0.0331689085268551	0.842772105210858	0.000339637152590682	2.46205072447699e-05	3.3419640564974e-05	0.0315838815647509	0.0329232689364631	2.46205072446263e-05	0.0304405609084515	2.46205072447698e-05	0.00808690348436067	2.46205086754133e-05	2.46205072447696e-05
AAAGGCTACGGACCAT-1	3.56091799150638e-05	0.00679755605398787	3.56091799150166e-05	0.017335711475661	0.100998812481159	0.793659123564949	3.56091801025196e-05	3.56091799150563e-05	3.56091799150586e-05	0.00861698437030882	0.0147985834473829	3.56091799150696e-05	0.00156027761871433	3.5609179915058e-05	0.055912468360101	3.56091882278436e-05	3.56091799150567e-05
AAAGGCTCTCGCGCCG-1	1.68901002974555e-05	1.97799168857759e-05	0.00196522574396701	0.0143974033457215	0.0189801194953581	0.901573832370646	1.68901006650881e-05	1.68901002974484e-05	0.00631794994642073	1.68901002974443e-05	0.00255980423461219	1.68901002974511e-05	0.002349478891121	1.68901002974484e-05	0.0146388263907978	1.68901013931182e-05	0.0370793489609241
AAAGGGATGTAGCAAG-1	3.57889594904222e-05	0.00159509856584996	0.00532372739251801	0.000152197226278473	0.00771318606266208	0.911304354528786	3.57889594872222e-05	3.57889594904229e-05	0.0224943960591846	3.57889594904234e-05	0.0120684936821892	3.57889594134135e-05	0.00587112842720623	0.0139853979126879	0.0156263860022163	3.57889640150672e-05	0.00365090037903415
AAAGGGCAGCTTGAAT-1	0.302574640617108	6.63524168964794e-05	6.63524168964181e-05	0.0118207095706965	0.0267853838787156	0.552112335768403	6.63524162170531e-05	6.63524168964449e-05	6.63524168964706e-05	0.0884456363350565	6.63524168964765e-05	6.63524168574115e-05	6.63524168964769e-05	6.63524168964751e-05	6.63524168964761e-05	6.6352418963366e-05	0.017531417242811
AAAGGTAAGCTGTACC-1	3.42179527723918e-05	0.0191639391083767	3.42179527711457e-05	0.038391132412344	3.42179527723976e-05	0.795847127418533	3.42179527720528e-05	3.4217952772395e-05	0.0338834639819187	3.42179527723919e-05	0.0804043392391711	3.42179527723913e-05	3.4217952772392e-05	0.00367547714599192	0.0143865409525314	3.42179557506433e-05	0.0139400181632053
AAAGTAGCATTGCTCA-1	1.64575954766202e-05	1.96904321152053e-05	1.6457595476693e-05	0.00662879164387616	0.0331813665888554	0.83543371657588	1.64575954771953e-05	1.64575954766199e-05	0.0457452147427884	1.64575954766174e-05	0.0244597498170726	1.64575954761941e-05	0.0195115111559669	1.64575954766184e-05	0.0347141447935585	1.64575960116492e-05	0.000174153485538569
AAAGTCACTGATGTAA-1	2.46577587646901e-05	0.0342375361415306	2.46577587645914e-05	0.0111055273703086	2.4657758764693e-05	0.824599593772593	2.46577576911135e-05	0.0041387756647848	0.0802327752321659	2.46577587646973e-05	2.46577587646884e-05	2.46577587646908e-05	2.46577587646901e-05	2.93671291138105e-05	0.0315183210240206	2.46577583687193e-05	0.0139161838380705
AAAGTCGACCCTCAGT-1	0.0117525879945295	5.18691759761579e-05	5.18691759763021e-05	0.00984978314744326	0.0264448552236952	0.863370229914527	5.18691760487197e-05	5.18691759761583e-05	0.0428692374288297	5.18691759761583e-05	0.0411933512652717	5.18691760030488e-05	0.000468292172662724	5.18691759761574e-05	5.18691759761562e-05	5.18691780345088e-05	0.00358484026709724
AAAGTGTGATTTATCT-1	3.43740187353996e-05	3.43740187353981e-05	0.0037523813071875	0.139741142137857	3.43740187353764e-05	0.537970453057431	3.4374018749747e-05	3.43740187353989e-05	0.0615747759080552	3.43740187353939e-05	0.200202224533495	3.43740187254252e-05	3.4374018735398e-05	0.00759935334178713	0.0257290910270943	3.43740163129991e-05	0.0231212125208922
AAAGTTGACTCCCGTA-1	3.38730257145035e-05	0.00579100198994252	0.00483023782377198	0.00418877150955542	3.38730257144986e-05	0.886297940815224	3.38730257157154e-05	3.38730257145041e-05	0.0396714247036299	3.38730257145024e-05	0.00861340702449025	0.000997306014472705	3.38730257145034e-05	0.000174841237559396	0.0490564450654201	3.38730257037375e-05	0.000141512635941627
AAATAACCATACGGGA-1	0.00043320428012478	0.0175326793019728	1.70279165576004e-05	0.00619576947284613	0.000968477094345066	0.847658564728648	1.70279164567814e-05	0.00124764666612109	1.70279165572538e-05	1.70279165604672e-05	1.70279165574672e-05	1.70279165574636e-05	0.0347898029281563	0.0161004694992986	0.0705076958803925	1.70279168073214e-05	0.00444649473204012
AAATAAGGTAGTGCCC-1	2.44461454136878e-05	0.0397656066242831	2.44461454135388e-05	0.0679020357218908	0.0287596267623073	0.674315144803667	2.44461454108067e-05	2.44461454136873e-05	0.0383068995865274	0.00813885573221639	0.122315923914802	2.44461456030995e-05	2.44461454136885e-05	2.44461454136875e-05	2.4446145413692e-05	2.4446146157479e-05	0.0202758915446521
AAATACCTATAAGCAT-1	2.29856774363324e-05	2.79762075729413e-05	2.29856774339952e-05	0.136865510098676	2.29856774363211e-05	0.695407687924669	2.29856774345581e-05	2.29856774363201e-05	0.0265173409817213	0.0161594373837531	0.07524798271701	2.29856774364815e-05	0.0236092262625155	0.000466920531498804	0.0254692307015794	2.29856812318564e-05	6.77874451583934e-05
AAATAGCTTAGACTTT-1	3.40542912289576e-05	0.0178767032104196	3.40542912287592e-05	0.0673506544445398	0.0662925372713954	0.727049649653601	3.4054291223388e-05	3.40542912289606e-05	0.0147119418588473	3.40542912289542e-05	0.0952657410093071	3.40542912289513e-05	3.40542912289566e-05	3.82987298729467e-05	0.0111044798367213	3.40542950477607e-05	3.75596516505488e-05
AAATAGGGTGCTATTG-1	2.3499575756579e-05	0.0236634162770655	2.34995757564493e-05	0.0439201563534283	0.0486746807810629	0.836934057183648	2.34995739732376e-05	2.34995757565758e-05	0.0037599199627422	2.34995757565767e-05	0.0354876021794494	2.34995755288069e-05	0.00404509090108086	2.34995757565759e-05	0.00327733777599029	2.34995772167289e-05	4.97419800316427e-05
AAATCGTGTACCACAA-1	1.67673000033761e-05	1.76549942919225e-05	0.00269629718985977	0.0377919872273391	1.68694963718518e-05	0.851172816758452	1.67673001465691e-05	1.67673000033777e-05	0.0209776081753704	0.00439684485628303	0.0162930221900402	0.000735849960743504	0.0205927553761132	1.67673000033783e-05	0.0266069188157603	1.67672991846589e-05	0.0186175384600338
AAATCTAGCCCTGCTA-1	0.0539072326052672	0.0289317324675368	5.23146884166763e-05	5.23146884180472e-05	5.23146884180538e-05	0.759197280156912	5.23146866312345e-05	5.23146884180497e-05	0.0641455250037338	5.23146884180434e-05	0.0314968409594243	5.23146884180427e-05	0.0466402038078393	5.23146884180438e-05	5.23146884180475e-05	5.23146970330355e-05	0.0151580381082793
AAATGATTCGATCAGC-1	1.68078661283057e-05	0.00417133510557758	0.00997205858570997	0.021386593688782	1.6807866128488e-05	0.797731900398978	0.000459604193916935	1.68078661283062e-05	0.0107999882565528	1.68078661283057e-05	0.00120532957362062	0.00579008418340635	0.0819488371301131	0.0145129355013541	0.0219202464765026	1.68078642628401e-05	0.0300170475767093
AAATGCTCGTTACGTT-1	3.72698880119675e-05	0.00675156811201531	3.72698880414999e-05	0.00304284701122742	3.72698880119674e-05	0.96765762197706	3.72698873002234e-05	3.72698880119645e-05	3.726988800661e-05	3.72698880119678e-05	3.72698880119662e-05	3.72698876676521e-05	3.7269888011968e-05	0.00880013151686077	3.72698880119671e-05	3.72698952437343e-05	0.0133005927204928
AAATGGCATGTCTTGT-1	0.00352871833183359	0.0061026114361309	2.42765113487015e-05	2.42765113144182e-05	2.42765113178098e-05	0.89648154020783	2.42765113126567e-05	2.42765113144179e-05	2.42765113226926e-05	2.427651131206e-05	2.42765113144202e-05	2.42765113144181e-05	0.0280955966354489	0.00708321789186365	0.0129238231719362	2.42765141722435e-05	0.0455417272089128
AAATGGCCCGTGCCCT-1	2.30723741974212e-05	2.69669913957261e-05	2.30723741972817e-05	0.0640404777800738	2.30723741974165e-05	0.770594293392649	2.30723734758256e-05	2.30723741974178e-05	0.0530123281048283	0.0396429663411964	0.0605942117051587	2.30723737223337e-05	0.00916221870584775	2.30723741974155e-05	0.00266771522000397	2.30723711295352e-05	7.42427695321882e-05
AAATGGTCAATGTGCC-1	0.00474659480628145	3.51239539922909e-05	3.51239539864373e-05	0.00304319614299131	0.00389395917255455	0.895584901711624	3.51239539967536e-05	0.00475628565133057	0.000592073490107961	3.51239539922908e-05	3.51239539922909e-05	3.5123953992301e-05	3.5123953992289e-05	0.0397967324448258	0.00870170667690398	3.5123962139014e-05	0.0386035582632964
AAATTAACGGGTAGCT-1	3.3687521423944e-05	0.0324571311588846	3.36875214243434e-05	3.36875214239451e-05	0.0134357213044	0.881831779401435	3.3687521137756e-05	0.00758515086836568	0.00585123422595667	3.3687521423947e-05	3.36875214239451e-05	0.00229631762530452	3.36875214239452e-05	0.0106675486245332	0.0455181562551824	3.36875239475497e-05	8.74603623084233e-05
AAATTACACGACTCTG-1	2.50012364625835e-05	0.00234833094415007	2.5001236473769e-05	0.00928527345046279	2.50012364567051e-05	0.817408825349388	2.50012363879372e-05	2.50012364625844e-05	0.00676173551875332	2.50012364605799e-05	2.50012364625832e-05	0.00225677987363676	0.0279519781229258	2.53335987349727e-05	0.105629521705498	2.50012369540365e-05	0.0281322115443298
AAATTACCTATCGATG-1	2.40923780398331e-05	0.0238194540574387	0.00532453584058744	0.0176904496730754	0.0107406113000631	0.825768439744727	2.40923777008875e-05	2.40923780398271e-05	0.0246524954949879	2.40923780398288e-05	0.00879234708878758	2.40923782105023e-05	0.00904084909103725	0.00917494368790883	0.0434569063099268	2.40923744652103e-05	0.0213944134469636
AAATTCCAGGTCCAAA-1	3.45664063053196e-05	0.0159867649168786	0.0065839451776897	0.153520447774888	0.0119339293876787	0.491602999781283	3.4340354448696e-05	0.00326668074496021	0.025243964044708	0.00607656088780437	0.241139063605795	0.00153860222335833	3.43403544410869e-05	0.00377897101000321	3.43403544410867e-05	3.43403561549382e-05	0.0391561426191623
AAATTGATAGTCCTTT-1	3.44657713179281e-05	0.0345805398672101	0.000485856781964118	0.016445918898209	0.00141445279706203	0.736395090359566	3.44657713161455e-05	3.4465771317956e-05	0.0744962341573518	3.44657713179579e-05	0.00892588568005112	3.44657713179529e-05	0.0157628530299672	0.0081759202783686	0.103055714772689	3.44657799061603e-05	5.47387410668114e-05
AAATTTACCGAAATCC-1	3.47253861008517e-05	0.00432194954687534	3.47253860893597e-05	0.025967615055026	3.4725386103018e-05	0.933219029248624	3.47253861013479e-05	3.47253861008385e-05	3.47253861068229e-05	3.47253861008387e-05	3.47253861008402e-05	3.47253861318767e-05	0.00670786260877806	0.0292691753937874	4.61773725152914e-05	3.4725385688168e-05	0.000120936913770158
AAATTTGCGGGTGTGG-1	1.68896760557077e-05	0.0133464437989351	0.00801691184404558	0.0302422543323097	1.68896760557095e-05	0.803925395354456	1.68896742417517e-05	1.68896760557036e-05	0.0475363796745285	1.68896760557086e-05	0.0155817978872059	1.68896760618747e-05	0.00716546836055825	1.68896760557086e-05	0.0548600734990373	1.68896862391968e-05	0.0191901578321024
AACAACTGGTAGTTGC-1	5.9094436305765e-05	5.5827231869585e-05	4.7916259000998e-05	0.028415365892566	4.79162589958765e-05	0.90548063231868	4.79162589958753e-05	4.79162589960069e-05	0.0225855274851348	4.79162589958954e-05	4.79162589958755e-05	4.79162589344573e-05	0.00125191543991822	4.79162589958772e-05	5.35958492534738e-05	4.79162590106449e-05	0.0416667950153508
AACAATACATTGTCGA-1	3.46149497500893e-05	0.0290348878949427	3.46149497499768e-05	0.0259690717419855	0.0672543042498696	0.813687777090261	3.46149497440003e-05	3.46149497489194e-05	0.0414215617982474	0.000423458535244537	0.0167841254750162	3.46149497501036e-05	3.46149497500967e-05	3.96903804194512e-05	0.00508972730606337	3.46149644209965e-05	5.30908650362378e-05
AACAATTACTCTACGC-1	0.125798318815978	5.26222288258562e-05	5.26222288258665e-05	0.00201739402841037	0.0686729415126477	0.728545418064668	0.0024804285565755	5.26222288258529e-05	5.26222288258542e-05	0.0279220425612223	0.00143160696382127	5.26222288259136e-05	0.000741844920184291	5.2622228825858e-05	5.26222288258607e-05	5.26222265293952e-05	0.0419690267481818
AACACACGCTCGCCGC-1	0.00234649670360787	3.36490345495521e-05	3.36490345487213e-05	0.367946381032677	0.0108792746606547	0.148977110906538	3.36490344864915e-05	3.36490345495519e-05	0.0262505683045201	3.36490345495525e-05	0.433940262203318	3.3649034550154e-05	0.00297502779864593	3.36490345495513e-05	3.36490345495537e-05	3.36490527300845e-05	0.00638203706097464
AACACGACTGTACTGA-1	0.026158763730796	3.84921368257694e-05	3.84921368270105e-05	3.84921368257646e-05	4.20269511621539e-05	0.883939101327455	3.84921368211384e-05	3.84921368257641e-05	0.00538766676673161	0.00106408145211947	3.84921368257647e-05	3.8492136827745e-05	0.0113643300189896	0.00450111439025844	3.84921368257626e-05	3.84921383214277e-05	0.0671964861295617
AACACGAGACGCGGCC-1	0.00250534813074457	3.80648651870919e-05	3.43965934176664e-05	0.0221290436216367	0.0182170655111129	0.812431575484211	3.43965943396526e-05	0.010040105361175	0.0939562393153861	0.0118487951538808	0.0146066900067332	0.00357051075845626	0.00414572244638628	3.43965934178764e-05	0.00630681534374571	3.43965944145873e-05	6.64376257539825e-05
AACACGCGGCCGCGAA-1	3.38231655372477e-05	0.0134329167590232	3.38231655364924e-05	0.0103303801088318	3.38231655372416e-05	0.889554780491367	3.38231654008796e-05	3.38231655372477e-05	0.0581291838654778	0.00225263479761589	0.00423756084086384	3.38231655371562e-05	0.00428794008573667	0.00198567069288271	0.0153705668634936	3.38231717234797e-05	0.000181603329897469
AACAGCTGTGTGGCAA-1	2.34913282280086e-05	2.81568771854194e-05	2.34913282278614e-05	0.0286715897478846	0.0543008787673983	0.811983648010629	2.34913282244366e-05	2.34913282280085e-05	0.0393559785104243	2.34913282280092e-05	0.0190241009689004	2.34913282281604e-05	0.0158156848179818	0.00161757726136245	0.0290037004371041	2.34913181849418e-05	3.42453135804226e-05
AACAGGAAATCGAATA-1	2.42870579620613e-05	0.00629700235593807	2.42870579608078e-05	0.00261840405557191	2.42870579615098e-05	0.868407625021261	2.42870580195612e-05	2.42870579620623e-05	0.0050705603324538	2.42870579620614e-05	0.00159751633019847	2.42870579620616e-05	0.0203294126659588	0.0116826321192553	0.0625522939179228	2.42870615479698e-05	0.021250256734102
AACAGGATGGGCCGCG-1	0.0209764796559303	3.74742752792107e-05	3.74742752793537e-05	3.74742752792107e-05	0.0396532194573136	0.889521788770643	3.74742757133754e-05	3.74742752792106e-05	3.74742752785745e-05	3.74742752792139e-05	3.74742752792122e-05	0.00376635498805624	0.00145164171117605	0.0099256476935378	3.74742752792117e-05	3.74742842591309e-05	0.0343301249611368
AACATATCAACTGGTG-1	0.0136483937715451	0.0400557413332229	9.5103499338858e-05	0.0315342860324649	0.00421319075923274	0.762422740920456	3.46044489174703e-05	3.46044488677802e-05	0.014307444222517	3.46044488677828e-05	0.00628269101060515	3.46044488653066e-05	0.00661502288322268	0.00245489604253945	0.0543010545227566	3.46044488142668e-05	0.0638964127577659
AACATCGATACGTCTA-1	0.0170332098008036	0.0107130224839331	3.63363554790419e-05	0.00667682635762092	3.63363554795311e-05	0.73488168437417	0.000708879078124189	3.6336355479537e-05	0.0438020135429933	3.63363554795348e-05	0.00508963530085986	3.63363554338764e-05	0.070168053503428	3.63363554795351e-05	0.0300647343130583	3.63363581653481e-05	0.0806075867540126
AACATTGAAGTTGATC-1	4.28365541833452e-05	3.9756281389538e-05	3.74592692121969e-05	0.0230208987361357	0.00697390818267785	0.892416176005009	3.7459269210084e-05	3.74592692126442e-05	3.74592692104074e-05	0.0444661324760025	0.0233596937364038	3.74592689346404e-05	0.00930738514969036	3.74592692126453e-05	3.74592692126451e-05	3.74592788219343e-05	7.35387154804006e-05
AACATTGTGACTCGAG-1	0.189149279198815	7.26343958811126e-05	7.26343958810927e-05	7.26343958811124e-05	0.203306984941078	0.478731047475008	7.263439587849e-05	7.26343958811137e-05	7.26343958811134e-05	0.102689089004256	0.0103413662115347	7.2634394871884e-05	7.26343958811129e-05	0.000261876559006106	7.26343958811118e-05	7.26343989620616e-05	0.0147940126494213
AACCAAGACTTCTCTG-1	1.16355882533144e-05	0.00465229957809691	1.16355882525843e-05	1.16355882533143e-05	1.16355882533417e-05	0.907756526142499	1.16355882561256e-05	1.16355882533142e-05	0.0165325582093829	1.16355882533141e-05	0.00444284792750223	1.16355882526671e-05	0.0529997672067258	0.00427469833013547	0.0091887366180327	1.16355886283096e-05	4.78456929681833e-05
AACCAGTATCACTCTT-1	3.45357244828767e-05	0.00493364776220554	3.45357244756264e-05	0.0231258336277666	3.45357244828793e-05	0.905314129731571	3.4535724472554e-05	3.45357244828809e-05	3.45357244817444e-05	0.00288583959830327	3.45357244828807e-05	3.45357244833989e-05	0.0536962649265987	0.00581616355150873	0.00383614828797409	3.45357242932545e-05	8.11509939344589e-05
AACCATGGGATCGCTA-1	5.06928924721289e-05	0.00374826553270048	5.06928924699772e-05	0.0141679770553659	5.06928924721151e-05	0.894384273578154	5.06928914650134e-05	5.06928926666159e-05	0.025873328563456	5.06928924721305e-05	5.06928924721305e-05	5.06928926462139e-05	0.01475399442985	0.000228023442922717	5.71374492506752e-05	5.0692891669181e-05	0.0463307639174948
AACCCAGAGACGGAGA-1	2.48194948040869e-05	0.00293233237160082	2.4819494805338e-05	0.0178264567971523	0.00328015274448238	0.942892427637861	2.48194948873921e-05	2.48194948040884e-05	2.48194947969864e-05	2.48194948040876e-05	0.00615419153745375	2.48194948050295e-05	0.0152454246241208	0.0113090310294463	3.23227202362005e-05	2.48194989728453e-05	0.000129104574966648
AACCCATCCCATGATC-1	4.03495054806599e-05	3.48658781265577e-05	3.4742075377573e-05	0.0917359192271803	0.0494544587154859	0.708106623895521	3.47420745585943e-05	0.000569113683848885	3.47420753777884e-05	0.0593039972691038	0.0816310567102613	3.47420753777582e-05	3.47420753777857e-05	3.47420753777889e-05	3.47420753777863e-05	3.47420928594929e-05	0.00884567849530694
AACCCGACAACCCGTG-1	0.0244922812447949	0.00122498552464284	7.28798179734283e-05	0.0769026713630988	7.2879817973863e-05	0.702688014541941	7.28798176297687e-05	7.28798179738615e-05	0.0222988822335883	0.0499768294441592	0.0908221262663506	7.28798180023827e-05	7.28798179738603e-05	0.00711298485679953	0.0238621465045726	7.28798205885917e-05	0.000108919291936621
AACCCTACTGTCAATA-1	4.78992866468042e-05	0.0112271767498005	4.78992866464263e-05	0.210128355510745	4.78992866468091e-05	0.520394454826979	0.0030164376865688	4.78992866468021e-05	0.0406874067871164	4.78992866468039e-05	0.167680141979585	4.78992865616311e-05	0.0170422590804875	4.78992866468041e-05	0.0293691987017805	4.78992793356431e-05	7.1374391159976e-05
AACCCTGGTGGAACCA-1	0.0844044598153183	0.00656093250593902	3.92463858492621e-05	3.92463858493161e-05	3.92463858493156e-05	0.843079902374795	3.92463860192724e-05	3.92463858493195e-05	0.00989186866584695	3.92463858493163e-05	0.000967105925594874	3.92463858475624e-05	0.00697843135237503	0.00372906211033055	3.9246385849317e-05	3.92463955173298e-05	0.0440350197673204
AACCGAGCTTGGTCAT-1	5.19698524133084e-05	5.19698524133081e-05	5.19698524142458e-05	0.00532546865477916	5.19698524133063e-05	0.839764049326288	5.19698517518551e-05	5.19698524133164e-05	0.0451230618564439	5.19698524133093e-05	5.19698524133082e-05	0.00257077856587422	0.0212460422180266	5.19698524133094e-05	0.022135640182659	5.19698528887822e-05	0.0633152606719813
AACCGCTAAGGGATGC-1	3.34927317918535e-05	0.00714083536647045	0.00833478437401986	0.0840725265651553	0.0166574174338588	0.598477924804685	3.34927314788137e-05	3.34927317918492e-05	0.0627863051286995	3.34927317918462e-05	0.19690740239914	3.34927317918471e-05	0.00531081752550684	3.34927317918465e-05	0.0200139059934639	3.34927229944163e-05	6.36312955678493e-05
AACCGTTGTGTTTGCT-1	2.49055177382286e-05	0.0120295049533326	2.49055177331492e-05	0.0114632838549567	2.49055177382292e-05	0.886444194758628	6.61091895327694e-05	0.00207473245919513	0.00384786309387749	2.49055177439306e-05	0.00264261120805199	2.49055177382307e-05	0.00860980322474639	2.49055177382267e-05	0.0291132512719373	2.49055174677755e-05	0.0435343073618434
AACCTAAAGCCGTCCG-1	1.75067619078939e-05	0.0116328790860671	1.75067619080391e-05	0.00753109535536704	1.75067619078428e-05	0.879665071426345	1.75067618465731e-05	1.75067619078931e-05	0.0326437018739725	0.0118873831380426	0.00545321250715182	0.00640180278888974	0.025306335301277	0.0146854181387174	1.92757821583559e-05	1.75067635900415e-05	0.004668784028943
AACCTTTAAATACGGT-1	4.87771273643989e-05	7.10023494159375e-05	4.87771273632797e-05	0.0436429037994773	0.059406620062057	0.781426634590804	4.87771273643973e-05	4.87771273644029e-05	4.87771273643678e-05	4.87771273643998e-05	0.104247577279128	4.87771274206724e-05	0.00552728031955147	4.87771273643992e-05	0.00512848748557918	4.87771342518566e-05	0.000110499960764686
AACCTTTACGACGTCT-1	3.50705998906642e-05	0.00140264292282809	0.00331649507244011	3.50705998906646e-05	3.50705998931087e-05	0.919534399258986	3.50706000696431e-05	3.50705998906644e-05	0.00894524129834169	3.50705998906874e-05	0.00413700805807586	3.50705999584157e-05	0.0133426577389855	3.50705998906628e-05	0.0488241289660351	3.5070604415044e-05	0.000181791280518165
AACGATAATGCCGTAG-1	0.00573881546321519	3.38036796021934e-05	3.3803679599289e-05	0.386590617891871	3.38036796000621e-05	0.022171747877391	3.38036795945608e-05	3.38036796022003e-05	3.38036796021902e-05	0.000140820461389637	0.543702627680981	3.38036796015731e-05	3.38036796021923e-05	3.38036796021961e-05	3.38036796021924e-05	3.38036809782453e-05	0.0412835301481651
AACGATAGAAGGGCCG-1	0.0314520319354254	5.20321754306314e-05	5.20321754287518e-05	0.00753865935478165	5.20321754306316e-05	0.89349318876907	5.20321753872532e-05	5.20321754306334e-05	0.0160815667689959	5.2032175430634e-05	5.20321754306293e-05	5.20321754306911e-05	0.00769253813428955	0.001796964039884	5.20321754306342e-05	5.20321760599793e-05	0.0414247292426632
AACGATATGTCAACTG-1	2.43479765943512e-05	0.0410185295683453	2.43479765946343e-05	0.0467518548546641	2.43479765945389e-05	0.795430898900934	2.43479765888747e-05	2.43479765943553e-05	0.0235390943500437	2.43479765943501e-05	0.0126532314043849	2.43479766485501e-05	0.00323768882165142	0.00096567654684344	0.0308002965577327	2.43479815246993e-05	0.045407945177666
AACGCATGATCTGGGT-1	0.0107142899581056	0.00194741431700908	3.50343944173369e-05	0.00425091256274993	3.50343944199292e-05	0.865503309060302	3.50343944230716e-05	3.50343944199969e-05	0.0113625293552413	3.50343944199299e-05	0.0109384949879287	3.50343944199509e-05	0.0475711261364295	3.50343944199303e-05	0.0187952836902065	3.50343966992726e-05	0.0286363647743875
AACGCGACCTTGGGCG-1	0.000154359731235557	0.00170909151647448	4.77682514160275e-05	0.0378702228777328	0.425736726407465	0.416799689136751	4.77682515204477e-05	4.77682513807682e-05	4.77682513807859e-05	0.117204459563755	4.77682513807675e-05	4.77682513807585e-05	4.7768251380767e-05	4.77682513807675e-05	4.7768251380767e-05	4.77682526036842e-05	4.7768251380764e-05
AACGCGGTCTCCAGCC-1	0.00265613853647109	3.49380500577676e-05	3.46781470762186e-05	0.0138371953155401	0.0116878358231345	0.870572232215497	3.4678146056434e-05	3.46781470765816e-05	0.0221022066363791	3.46781470765782e-05	3.46781470765785e-05	3.46781471945833e-05	3.46781470765785e-05	0.0102757023743512	0.0193187537368967	3.46781521450503e-05	0.0492375721308943
AACGCTGTTGCTGAAA-1	5.13177082401955e-05	0.0269983544982537	5.13177082384419e-05	0.0158177953745607	0.0122158523530281	0.803779976583122	5.13177083706841e-05	5.13177082401991e-05	0.0370246933637898	5.13177082401994e-05	0.0165693988034182	0.0117108863218313	0.00846394688589235	0.00965162595440852	0.0100046616510572	5.13177121226319e-05	0.0474549019571863
AACGGACGTACGTATA-1	0.00143409348435967	0.00708801037980409	2.3643369681421e-05	0.041390692302421	0.039189443181657	0.765629969580275	2.36433696154355e-05	2.36433696814732e-05	0.0289382651545799	2.36433696814718e-05	0.0430072638391147	2.36433696814823e-05	0.071471889814529	2.36433696814734e-05	0.00163307228649834	2.36433757286711e-05	5.17963830098623e-05
AACGGCCATCTCCGGT-1	3.42346139395991e-05	0.00513043476656931	3.4234613935913e-05	0.0090255673639649	0.0106824149540364	0.87607180493835	3.42346133129101e-05	0.00369348736988692	0.0414951017965626	3.42346139396017e-05	0.00615316784036966	3.42346139395987e-05	0.00203385672171806	3.542130593244e-05	0.0453323494196707	3.42346110321234e-05	0.000140985842838743
AACGTACTGTGGGTAC-1	1.66448560481581e-05	1.87155247482725e-05	0.00146460944319008	0.0419125413795234	1.66448560481595e-05	0.858362314254395	1.66448557244554e-05	1.6644856048157e-05	0.0319407446720128	1.66448560481565e-05	0.0280893785953889	1.66448560481558e-05	0.00733802565596451	1.66448560481578e-05	0.0250564877577696	1.66448591173774e-05	0.0056840238658767
AACGTCAGACTAGTGG-1	0.0206611318968634	4.14806195203565e-05	3.39665328971787e-05	3.39665328158964e-05	3.3966532815892e-05	0.928636196379489	3.39665323834936e-05	3.39665328159049e-05	3.39665328159065e-05	3.39665328158798e-05	0.025741095191838	3.39665328163059e-05	0.0107863696032088	0.00469783046215722	0.00129964480339128	3.39665411363027e-05	0.00783055224021943
AACGTGATGAAGGACA-1	3.65456200031833e-05	0.0290158744469741	3.65456200036567e-05	0.00215368435871741	3.6545620003182e-05	0.861614659134006	3.65456192426992e-05	3.65456200031823e-05	0.0316753428318575	3.65456200031782e-05	3.65456200031824e-05	3.65456201244125e-05	0.00777424490078097	0.00632646583819063	0.0380994354028227	3.65456282800819e-05	0.023011382498984
AACGTGCGAAAGTCTC-1	1.63541588065893e-05	1.83831693223934e-05	1.63541588061135e-05	0.060178096080571	0.00683576769391221	0.789368047660248	1.63541587715407e-05	1.63541588065968e-05	0.01378672315784	1.63541588065967e-05	0.0983855699049534	0.000190836540954565	0.000437470477457651	1.63541588065966e-05	0.027998987555619	1.63541571922773e-05	0.00268563864912545
AACTAGGCTTGGGTGT-1	0.00152454184213981	2.5393539550351e-05	2.39017450139169e-05	0.058672782195874	2.39017450144739e-05	0.670181369976353	0.000251306443162676	0.00751711835382939	0.070676121818679	2.39017450144747e-05	0.112172957498143	2.39017450144748e-05	0.014946922836525	2.3901745014476e-05	2.81763814731498e-05	2.39017520347256e-05	0.0638598986371647
AACTCAAGTTAATTGC-1	0.00883190114770292	0.0124732717914663	0.00713083613489707	0.01606162636102	3.42739952156209e-05	0.858779675352928	3.42739944730962e-05	0.00114461182133559	0.0390052358491746	3.42739952156496e-05	0.012577500198571	3.42739952156488e-05	0.00644512055215236	3.42739952156495e-05	5.79514340714134e-05	3.42739972246738e-05	0.0372866253841209
AACTCCTAATCCCATG-1	2.44012168055869e-05	0.00926926296538398	2.44012168055382e-05	0.0198504239303888	2.44012168090883e-05	0.787732878481271	0.00190686790895251	2.44012168055846e-05	0.00957529408487341	2.44012168055897e-05	0.00324738939687049	2.44012168053235e-05	2.44012168055903e-05	0.0600013200389067	0.0725986739642805	0.000271971965070427	0.0353751087463598
AACTCGATGGCGCAGT-1	0.00351510370008383	3.60888481696236e-05	3.60888481617151e-05	0.0145929242459985	3.60888481688648e-05	0.880265757737218	3.60888481727537e-05	0.00180913399085437	0.00936105839466878	0.00190361704681559	3.60888481696226e-05	3.60888481256903e-05	0.00410752370013565	3.6088848169624e-05	0.0182699732559003	3.60888467307837e-05	0.0658861971444564
AACTCTCAATAGAGCG-1	0.000130309986164918	3.25397181547818e-05	0.013483435919431	0.173288600538312	0.0143101066026021	0.150732777447796	3.25397180597595e-05	0.0186815180187785	0.0476290239801775	0.00451616970939537	0.524964422991637	0.0316481243570213	0.00083309659069246	3.25397181547806e-05	3.25397181547821e-05	3.2539718766328e-05	0.0196197152667015
AACTCTCAGTGTGCTC-1	2.39022265854076e-05	0.019803960121392	0.00380703064469981	0.0190900607264323	2.39022265841966e-05	0.860688719192749	2.39022263048268e-05	2.39022265854093e-05	0.021698722813581	2.39022265854074e-05	0.0162736781042508	2.3902226585395e-05	0.0020149083628364	2.39022265854087e-05	0.0561710330268862	2.39022320456986e-05	0.00026066918931112
AACTGAGGTCAGCGTC-1	4.98385015100067e-05	0.0352389170687062	4.98385015118237e-05	0.011497404437317	4.98385015100157e-05	0.847053305938844	4.98385015743402e-05	4.98385015100187e-05	0.0315960235788843	4.98385015100145e-05	0.0427032855563866	4.9838501531221e-05	0.0227099271878693	0.00860815561444545	6.48574911821001e-05	4.9838504133546e-05	0.00012941511157471
AACTGATATTAGGCCT-1	1.69358101267554e-05	0.00747093291805643	1.69358101263023e-05	1.69358101267492e-05	1.693581012653e-05	0.860887862498731	1.69358099759138e-05	1.6935810126749e-05	0.0143601515584053	1.69358101267493e-05	1.69358101267482e-05	0.00174569482139998	0.0469370516599704	0.014453166678996	0.0276857052192154	1.69358081244267e-05	0.0263070123562381
AACTGGGTCCCGACGT-1	3.49946642502982e-05	3.49946642502978e-05	3.4994664249058e-05	3.49946642502979e-05	3.49946642502981e-05	0.839816264795805	3.49946641547684e-05	3.49946642502893e-05	0.0201108207025978	3.49946642501778e-05	0.00572147529626109	3.49946642865659e-05	0.0836421858285864	0.004416425385948	3.49946642502976e-05	3.49946679211286e-05	0.0459078866804383
AACTGGTGTGGGCCTT-1	0.0016322914097931	0.00927705169755013	5.18964403538307e-05	0.0398091463999133	5.18964403534633e-05	0.797068362844133	0.000584456641414955	5.18964403534716e-05	0.0774147018015183	5.18964403534732e-05	0.00700846199103297	5.18964401839132e-05	0.00246710751612692	0.00700157749965374	0.0172235485747779	5.1896438020149e-05	0.0402019149844672
AACTTGCCCGTATGCA-1	0.00467529974729472	1.81937689853467e-05	1.81937689848659e-05	1.81937689853457e-05	0.055932889716357	0.894704935514906	1.81937690416264e-05	1.81937689853501e-05	1.81937689853411e-05	1.81937689853467e-05	0.0127158812910347	1.81937689842002e-05	0.00358384309728394	1.81937689853458e-05	1.81937689853457e-05	1.81937745837654e-05	0.0281870191686312
AACTTGCGTTCTCGCG-1	5.04098456435829e-05	0.0172671534440498	5.04098456425872e-05	0.0183304135743882	5.04098456435848e-05	0.8816664397971	0.00172878165008791	5.0409845643584e-05	0.0203389717303217	5.04098456435841e-05	5.04098456435848e-05	5.04098455551797e-05	0.00390020929410113	0.00505088799400552	5.04098456435895e-05	5.04098395096274e-05	0.0512634539113772
AAGAAGGATCAGTTAG-1	4.9806434859515e-05	4.98064348595326e-05	4.980643485942e-05	0.0493482426002585	4.98064348588031e-05	0.865287822121114	4.98064347830112e-05	0.00346441805174704	0.00998608720613562	4.98064348595162e-05	4.98064348595324e-05	4.98064348694394e-05	0.0112230051568287	0.0130256713383428	5.62284354944859e-05	4.9806435979941e-05	0.0471602671752904
AAGACCCAACTGAACA-1	3.636011185196e-05	0.0624979318324536	3.63601118536922e-05	0.0185946573484165	0.0755606042699225	0.738493317943182	3.63601122720041e-05	3.63601118531011e-05	0.0100345215738499	3.63601118531061e-05	0.0186688875494366	3.63601118530774e-05	3.87040386412847e-05	3.63601118531059e-05	0.0757841344356704	3.63601131838815e-05	3.6360111853096e-05
AAGACTGCAAGCTACT-1	3.36721500801056e-05	3.36721500801074e-05	0.00690600274509564	0.0334287754096763	0.0166042488872242	0.872118730387128	3.36721500795721e-05	3.36721500800984e-05	3.36721500804458e-05	0.00224508930584007	0.0597476072807939	3.36721500801038e-05	0.00255152399200701	3.36721500801034e-05	0.0060387097131847	3.36721555722305e-05	8.99350729173713e-05
AAGAGATGAATCGGTA-1	0.0956751964284331	3.65007731828771e-05	3.65007731828744e-05	0.00809934085188575	0.0987077706315036	0.705945804369896	0.00356278962327002	3.65007731828853e-05	3.65007731828736e-05	0.0515261255288244	0.00470370091125995	3.6500773182891e-05	3.65007731828783e-05	3.65007731828795e-05	3.65007731828763e-05	3.65007790061854e-05	0.0314507646904585
AAGAGCTCTTTATCGG-1	0.00199606763194185	4.60823455367519e-05	0.0204592523704733	0.158675225706384	4.6082345536752e-05	0.374308006376444	0.00458321949963717	4.60823455367507e-05	0.00120108754382661	4.60823455367519e-05	0.385702944911629	0.00207607921477033	0.00154919184885397	4.60823455367519e-05	0.00360504813669736	4.60823487939621e-05	0.0455673826828655
AAGAGGATGTACGCGA-1	2.34853018567289e-05	0.00698717466692494	2.34853018566326e-05	0.0345470028143846	0.00561106442020898	0.84026191429656	2.34853018592199e-05	2.34853018567251e-05	0.0457884359292188	2.34853018567291e-05	0.047714002523887	0.000489964859249474	0.0076935166555277	2.34853018567291e-05	0.0106282875560238	2.34853053087239e-05	0.000114239161562858
