Bcell	astrocyte	dendriticcell	endothelialcell	macrophage	malignantcell	mastcell	matureTcell	microglialcell	monocyte	muralcell	naturalkillercell	neuron	oligodendrocyte	oligodendrocyteprecursorcell	plasmacell	radialglialcell
AAACAAGTATCTCCCA-1	8.06631102936088e-05	0.000103339831810461	0.0173965595668446	0.00739151168256162	8.06631102936677e-05	0.836950782718533	8.06631104511819e-05	8.06631102923502e-05	8.0663110293612e-05	8.06631102936515e-05	8.06631102925308e-05	8.0663110280904e-05	8.06631102936115e-05	0.0911901493752141	0.0460803626132254	8.06631087317917e-05	8.06631102936095e-05
AAACAATCTACTAGCA-1	7.67996426072358e-05	0.100536527246022	7.67996426237093e-05	0.0518961826455956	7.67996426072319e-05	0.342008355957538	7.67996417502504e-05	7.67996424168018e-05	0.0157725150296899	7.67996426072386e-05	7.67996426072367e-05	7.6799642565e-05	0.283766082247213	0.169722633390572	9.28291759552303e-05	7.67996420522129e-05	0.0355136775255772
AAACACCAATAACTGC-1	0.153643625238583	6.81239087248212e-05	6.81239087248231e-05	6.81239087248228e-05	0.174616061215655	0.567988668097698	6.81239074761513e-05	6.81239087248296e-05	6.81239087248428e-05	6.81239087248223e-05	6.81239087248223e-05	6.81239087599285e-05	0.00635289205971969	0.0488900594652859	6.81239087248149e-05	6.81239089768238e-05	0.0477593309280461
AAACAGAGCGACTCCT-1	4.90778975902893e-05	0.0104200480568662	0.00793796913444909	0.0435575989980243	4.90778975902851e-05	0.564357132916513	4.90778975998626e-05	4.90778975902893e-05	0.0177654999925617	4.90778975902888e-05	0.00671021665485275	4.90778975902918e-05	5.35465159819672e-05	0.259368011440653	0.0858716654553954	0.00104556081346921	0.00261828263568119
AAACAGCTTTCAGAAG-1	4.72376543891955e-05	0.0463101198584541	4.72376543891915e-05	4.72376543891914e-05	4.72376543892112e-05	0.655050898352584	4.72376543774084e-05	4.72376543891917e-05	0.0573760158043391	0.0048074921014537	0.000820593790354974	0.00281798074875661	0.00116223653310317	0.206757813971342	0.0182881665699836	4.72376563461879e-05	0.00627801868695958
AAACAGGGTCTATATT-1	4.80742031102034e-05	0.0232027606563761	4.80742031101874e-05	4.8074203110189e-05	0.0547097926893769	0.808824073719895	4.80742044917545e-05	4.80742031102369e-05	0.0126068775630529	4.80742031101893e-05	4.80742031101873e-05	4.80742031102773e-05	5.34149724333305e-05	0.0485400654486965	0.0515764697499688	4.80742056417923e-05	5.38773682951347e-05
AAACATGGTGAGAGGA-1	0.319148293920188	7.64924541861661e-05	7.64924541862961e-05	0.0763563211664417	7.64924541862522e-05	0.475237324899849	7.6492454286725e-05	7.64924541861655e-05	0.0319246362748827	7.64924541862076e-05	7.64924538723825e-05	0.0547164066681862	7.64924538258422e-05	7.64924541861643e-05	7.64924541861508e-05	7.64924547737485e-05	0.0417756000743911
AAACATTTCCCGGATT-1	3.45064134522859e-05	0.0788925695234739	3.45064134522871e-05	6.61163789719013e-05	0.0956085733490712	0.582068041342143	3.4506414760358e-05	0.136733902680937	3.45064134522888e-05	0.0581258934102152	3.45064137402585e-05	0.033807070825793	5.52672165349423e-05	3.45064134522904e-05	3.45064134522867e-05	3.45064146107059e-05	0.0143665139624871
AAACCACTACACAGAT-1	0.0628144916365122	0.236794998888001	2.40258950965881e-05	0.00523554489363045	2.40258950977122e-05	0.188750535640142	2.4025895254578e-05	2.402589509766e-05	0.00355949014614524	2.40258950978561e-05	0.0338217987915669	2.40258950976687e-05	2.40258950976457e-05	0.44735873780514	0.0214041809779292	2.40258988594797e-05	6.8014056233599e-05
AAACCCGAACGAAATC-1	3.49727125471585e-05	0.0204752985076423	3.49727125471601e-05	0.00307717830294458	3.49727125547104e-05	0.865754426181431	3.49727120638162e-05	3.49727125471505e-05	0.000896001644115178	0.0160732467238742	3.4972712547155e-05	3.49727125558789e-05	3.63017357753983e-05	0.0673089226490638	0.026021019810948	3.49727151528942e-05	7.78227416896524e-05
AAACCGGGTAGGTACC-1	4.71749006583763e-05	0.03888592590842	4.71749006583792e-05	0.0467198100941828	0.0154285640303576	0.695239060333033	4.71749018396216e-05	4.71749006583755e-05	0.104454837289545	4.71749006583753e-05	0.00162794196851326	4.71749006583786e-05	0.00193801868579126	0.0858480291721221	0.00946804502597562	4.71749041040214e-05	5.95431828239296e-05
AAACCGTTCGTCCAGG-1	5.08689979779086e-05	0.137879747275153	5.0868997977913e-05	5.08689979779103e-05	0.035409671065804	0.655118401352297	5.08689980708797e-05	0.00349711185324076	0.0365792625714707	5.08689979779113e-05	5.08689979779103e-05	5.08689979779057e-05	5.26923562570619e-05	0.0964023466354301	0.0345714148875034	5.08689984690164e-05	8.24000184362293e-05
AAACCTAAGCAGCCGG-1	5.17068269960086e-05	0.0731669404192203	5.17068269960081e-05	0.00903228414803766	0.0567279830872568	0.821564762649235	5.17068272749217e-05	7.40055585760372e-05	5.17068269960101e-05	5.17068269960103e-05	0.00931273568621097	5.17068270321737e-05	5.17068269960116e-05	0.0295643480163914	6.80716333390929e-05	5.1706827992048e-05	7.52141844538057e-05
AAACCTCATGAAGTTG-1	0.102051130242103	0.0143007832984335	4.89164866180656e-05	0.023600443799679	0.149098562367625	0.559679939927235	0.000722455666973943	4.89164866180754e-05	0.0134391352821097	0.000140043393623679	0.0687049173755742	4.89164866735133e-05	0.00261467942873242	0.0513422114748809	5.43964194399129e-05	4.89164869103533e-05	0.0140556353767693
AAACGAAGAACATACC-1	0.0136130821034426	0.11292606660607	5.92967826151915e-05	0.0119802726961776	5.92967826105692e-05	0.137919442317973	5.92967818419128e-05	5.92967826155936e-05	0.00226217436229503	5.92967826151237e-05	5.92967826155821e-05	5.92967826155906e-05	0.547545144917642	0.103209641164497	6.68782482243073e-05	5.92967870800461e-05	0.0700029233190688
AAACGAAGATGGAGTA-1	4.68439319976445e-05	0.054089910493353	4.68439319973414e-05	5.5470999950482e-05	0.0140081978342792	0.869137971028399	4.68439320357825e-05	4.68439319976351e-05	0.0220850416701188	4.68439319976396e-05	0.0156955534760722	4.68439320416374e-05	4.99308976881902e-05	0.0227774895598715	0.00167859232412193	4.68439370217757e-05	9.39341870561485e-05
AAACGAGACGGTTGAT-1	4.88057351626921e-05	0.0344289925770329	4.88057351644577e-05	4.88057351626949e-05	4.88057351615047e-05	0.88132810074826	4.88057342558729e-05	4.88057351626863e-05	4.88057351623849e-05	4.88057351626927e-05	4.88057351626919e-05	4.88057352892491e-05	0.00851446581987197	0.0461880042465034	0.0168008057817977	4.8805731987572e-05	0.0122027677437001
AAACGCCCGAGATCGG-1	0.117957555937889	0.0106770408915257	0.0765468355905556	5.32818147121907e-05	5.32818150483341e-05	0.225332151862276	5.32818151247868e-05	5.32818150481982e-05	5.328181504834e-05	5.32818150483186e-05	5.32818155830406e-05	5.32818150986104e-05	0.000126987649469196	0.413567508649282	0.101460811829281	5.3281814884652e-05	0.0538515712541248
AAACGGGCGTACGGGT-1	3.5168217927221e-05	0.0695586013610349	3.51682179748223e-05	3.51682170232303e-05	3.51682179751681e-05	0.562193685611627	3.51682161600315e-05	3.51682179332467e-05	3.51682179747988e-05	3.51682179701148e-05	3.5168219024224e-05	3.51682179747624e-05	5.76297721761117e-05	0.331578140970604	0.0361512626028525	3.5168216852627e-05	7.38292869149259e-05
AAACGGTTGCGAACTG-1	5.05195438789533e-05	0.0537112779508294	5.05195438789731e-05	5.05195438789684e-05	5.05195438789298e-05	0.704023685110104	5.05195450842193e-05	5.05195438607408e-05	0.0180420556070808	5.05195438789747e-05	5.05195438789744e-05	5.05195438789745e-05	5.82764635432139e-05	0.165271439134223	0.0583365409340009	5.05195427373912e-05	5.15293613836685e-05
AAACGTGTTCGCCCTA-1	1.56859928191756e-05	1.56859922323715e-05	1.56859924375596e-05	1.56859922323755e-05	1.56859922323726e-05	0.234093386146588	1.5685992203311e-05	1.56859922323729e-05	1.56859922171062e-05	0.00781878813724441	0.0136213665272208	1.56859922327173e-05	1.84747387433499e-05	0.591948709908344	0.101905604414287	1.56859932492887e-05	0.0504368102034841
AAACTAACGTGGCGAC-1	3.32334895471627e-05	0.0417902068953434	3.32334895469394e-05	0.0701622936464768	3.32334895471685e-05	0.41974976413718	3.32334889940946e-05	0.0154374885177596	0.00141941345010261	3.32334895471705e-05	3.32334895471683e-05	0.00995625681166545	3.32334895471678e-05	0.37400785499584	0.0490651315373364	3.3233498904947e-05	0.0181457220831137
AAACTCGGTTCGCAAT-1	5.16860035372135e-05	0.0367208414482069	5.1686003537215e-05	0.029681242375111	5.16860035372115e-05	0.702877551614576	5.16860047297237e-05	0.0415758937690236	0.0467444296721781	0.015329014672774	0.000835725255497748	5.16860035372064e-05	5.16860035372145e-05	0.0893790436109107	0.0363955204565315	5.16860059041682e-05	9.89350968701901e-05
AAACTCGTGATATAAG-1	5.08186683076822e-05	0.0501716665944981	5.08186682882121e-05	5.08186676393922e-05	5.08186682858152e-05	0.775154632356616	5.08186671187873e-05	5.0818668588498e-05	5.08186682404163e-05	5.08186683079144e-05	5.08186660302417e-05	5.08186677425885e-05	5.08186683079077e-05	0.0620767281774273	0.11186418788613	5.08186686228746e-05	0.000122960969848883
AAACTGCTGGCTCCAA-1	7.35803605953661e-05	0.0458303027065436	7.35803605953687e-05	7.35803605953738e-05	7.35803605953695e-05	0.777040685809913	7.35803609685602e-05	7.35803605953758e-05	0.0462002244344711	0.0061198991467387	0.0140000984619651	7.35803605953923e-05	9.12438021146706e-05	0.0691157062222544	0.0409396161651008	7.35803657622399e-05	7.35803605953727e-05
AAACTTAATTGCACGC-1	3.46628658479418e-05	3.46628658478944e-05	3.46628657818861e-05	0.0142742941006762	3.46628658479001e-05	0.888862765755189	3.46628651943332e-05	3.46628658478917e-05	3.46628658478821e-05	3.46628658478961e-05	0.0301284258838354	3.46628655508765e-05	9.41715985701752e-05	0.0436205314345082	0.0226103400868368	3.46628668750526e-05	6.28424818942823e-05
AAACTTGCAAACGTAT-1	4.93776308417381e-05	0.0317349905816582	4.93776308417483e-05	0.0168169999497054	0.0488162063418894	0.838967147855605	4.93776310911049e-05	4.93776308417473e-05	4.93776308417491e-05	0.000847622203885535	4.93776308417485e-05	4.93776306774894e-05	0.00486706491233018	0.0312867951209026	0.0220578224123946	4.93776263400329e-05	0.00421032957931165
AAAGAATGACCTTAGA-1	0.165591686368235	6.76989665224769e-05	6.76989665224725e-05	6.76989665224764e-05	0.0734922026513836	0.527070260716394	6.76989669863425e-05	6.76989665224759e-05	0.0250934855690687	0.106974705534038	0.0039512980506658	6.76989665224369e-05	6.76989665224749e-05	0.00828832573056251	6.76989665224749e-05	6.76989685893476e-05	0.0889287446784187
AAAGACCCAAGTCGCG-1	0.076346704792426	0.141485011946767	0.00012573205240675	0.0857428815522869	0.000125732052405276	0.145505818202261	0.00810783133166765	0.000125732052406748	0.0271884332458797	0.00198701042908146	0.000125732052406749	0.0182253571922764	0.356781524275323	0.0547637851927617	0.000129221804654558	0.000125732049355344	0.0831077597756329
AAAGACTGGGCGCTTT-1	4.88802362136985e-05	0.0937951145468773	0.0346760032631034	0.00282551981030465	4.88802362137015e-05	0.56390330356709	4.88802396523236e-05	0.00664584661521023	0.0688808230429598	0.0390333291460524	0.0326755043688366	4.88802362331865e-05	0.000397023108863567	0.113835822360721	7.74572945106582e-05	4.88802366687254e-05	0.043009851690489
AAAGGCCCTATAATAC-1	4.78767149294921e-05	0.0929426017380183	4.7876714929451e-05	0.0711395466996177	4.78767149290218e-05	0.761601980301438	4.78767160316124e-05	4.7876714928882e-05	0.0246328237410104	4.78767149293986e-05	9.2937653426712e-05	4.78767149294563e-05	4.78767149294003e-05	0.0465964288292482	5.4425916651364e-05	4.78767117865774e-05	0.00250836468826625
AAAGGCTACGGACCAT-1	0.0188789450028162	0.0523776876655771	5.04214000910724e-05	0.0213680929653445	5.04214000910783e-05	0.676857388018795	5.04214005787187e-05	5.04214000910683e-05	0.0117772895629849	0.00910918055671537	5.04214000910661e-05	5.04214000945379e-05	5.48934151617211e-05	0.128133295242028	0.0809590388297371	5.04213989743468e-05	0.000131238940827446
AAAGGCTCTCGCGCCG-1	5.11440269193295e-05	0.0423935784765432	5.11440269189928e-05	5.11440269193256e-05	5.11440269181373e-05	0.739247882984283	5.11440254811151e-05	5.11440269193231e-05	0.00387747645278627	5.11440269193252e-05	0.00307864717797405	5.11440269340508e-05	0.011046461336332	0.122692513893339	0.0770276164644836	5.11440245279996e-05	0.000175526975802215
AAAGGGATGTAGCAAG-1	4.96918519080862e-05	0.0152047040930722	0.00164044552656119	0.0306634628937847	4.9691851907772e-05	0.548620992358684	4.96918484939353e-05	0.00188111208817026	0.0340669922278393	4.96918519080891e-05	0.0583084025919435	4.96918517229377e-05	0.096326365416418	0.137843103927723	0.030327935205758	4.96918575730576e-05	0.0448183325565321
AAAGGGCAGCTTGAAT-1	0.00274298401291393	0.209617514773916	0.0253687903442017	5.79571242685498e-05	5.79571242685324e-05	0.104226014691628	5.79571229040838e-05	5.79571242685337e-05	0.0237181819822774	5.79571242685356e-05	0.00232712073697979	5.79571242450461e-05	0.404917793313925	0.113469026053875	7.71597424069646e-05	5.79571269513824e-05	0.113129714476701
AAAGGTAAGCTGTACC-1	0.00424706925273203	0.00854797677691065	3.4779061909848e-05	3.47790619098486e-05	3.47790619097101e-05	0.448713342838758	3.4779061832047e-05	3.4779061910609e-05	3.4779061909849e-05	3.47790619098518e-05	0.0101615142637072	3.47790619098511e-05	3.4779061909849e-05	0.427731676153465	0.0379132239663105	0.00137869739369602	0.0609934877973085
AAAGTAGCATTGCTCA-1	4.7662862237958e-05	0.0341858805730758	4.76628622374421e-05	4.76628622378398e-05	4.76628622378424e-05	0.852010853315378	4.76628606598467e-05	0.00283820088643833	4.76628622371971e-05	4.76628622378401e-05	4.76628622378407e-05	4.7662862238112e-05	4.97145034282759e-05	0.0945041964358201	0.0158855629358208	4.76628615250111e-05	4.89627299522251e-05
AAAGTCACTGATGTAA-1	3.90162343102695e-05	0.161451802052914	3.90162352472045e-05	0.00118502907937431	3.90162343062148e-05	0.180713072967389	3.90162406753616e-05	0.00273493062569532	3.90162341255651e-05	3.90162343101089e-05	3.9016234310108e-05	3.901623431011e-05	0.526246663039234	0.0520630016225428	0.00629214986174512	3.90162337823111e-05	0.0689622046357281
AAAGTCGACCCTCAGT-1	4.78912892255874e-05	0.0175148663136565	4.78912892255922e-05	0.0197751523538338	0.130141672510847	0.690632338572869	4.78912969434852e-05	0.0212165527957814	0.0207899789440046	0.0216023493960027	0.0316361135926418	4.78912892255061e-05	4.78912892255913e-05	0.0462429978904926	4.78912892255911e-05	4.7891293237901e-05	0.000112738593561944
AAAGTGTGATTTATCT-1	0.148525952293801	7.0465042663503e-05	7.04650426635252e-05	7.04650426635032e-05	7.04650426635023e-05	0.725986123137473	7.0465040849429e-05	7.04650426635172e-05	7.04650426635021e-05	0.0398846153540971	0.00113652940323078	7.04650426634331e-05	7.04650426635022e-05	0.0439876583869433	7.04650426635027e-05	7.04650454089574e-05	0.0397040059542252
AAAGTTGACTCCCGTA-1	0.150933693640743	5.04924292053055e-05	5.04924292048819e-05	0.0250979710933594	5.04924292053057e-05	0.753102020334313	5.04924283284873e-05	5.04924292053103e-05	5.04924292053011e-05	0.00805916405101895	0.00173632129642699	5.04924292052894e-05	5.04924292053035e-05	0.0320023097575591	5.04924292053057e-05	5.04924276161174e-05	0.0285635955369931
AAATAACCATACGGGA-1	4.87766933459547e-05	0.0718583661050097	4.87766933459309e-05	0.0152628238433	4.87766933456115e-05	0.663156203830187	4.87766938022676e-05	4.87766933743366e-05	0.0188881292105605	4.87766933459312e-05	0.00218259587343278	4.87766933459315e-05	5.02080878136884e-05	0.112115371827	0.116047310976497	4.87766989487982e-05	4.87766933459288e-05
AAATAAGGTAGTGCCC-1	7.17289098816669e-05	0.0772758231560884	7.17289098816705e-05	0.0535681431778994	0.0472846827834448	0.546840214938816	7.17289096100495e-05	7.17289099101026e-05	0.0273152097548279	7.17289098816588e-05	0.056933674050826	7.17289099236794e-05	0.035331122125665	0.0973084295193577	0.0575441524965996	7.17289106226562e-05	9.64456267634337e-05
AAATACCTATAAGCAT-1	4.86921081590614e-05	0.0612365717547965	4.86921081588028e-05	4.86921081590576e-05	0.0280666404106961	0.664088296389937	4.86921074289334e-05	4.86921081590571e-05	4.86921081590575e-05	4.86921081590537e-05	0.00424484876497925	4.86921082134724e-05	4.86921081590579e-05	0.224443191818063	0.0163643044222043	4.86921091975137e-05	0.00106922535737049
AAATAGCTTAGACTTT-1	5.63797696680261e-05	0.0597951644548673	5.63797696606485e-05	5.63797696536119e-05	5.6379769653625e-05	0.756182698132318	5.63797685966202e-05	5.63797698153748e-05	5.63797696536257e-05	5.63797696536052e-05	5.63797696608993e-05	5.6379769476152e-05	5.63797696536174e-05	0.0837660059464192	0.0995231944624543	5.63797691422988e-05	5.63797696536276e-05
AAATAGGGTGCTATTG-1	4.9092849063791e-05	0.030492200531574	4.90928490637871e-05	0.01292739326469	0.0397495842978479	0.807613429894731	4.90928474533304e-05	4.90928490637866e-05	5.28963313130056e-05	4.90928490637864e-05	4.90928490637871e-05	4.90928490888854e-05	0.00131499950002253	0.082891333609751	0.0245037111117494	4.90928555805289e-05	6.17086608798306e-05
AAATCCGATACACGCC-1	7.36531881017869e-05	0.135699081962903	7.36531880711502e-05	7.36531880711494e-05	0.012961082727157	0.457163050591795	7.36531879948375e-05	7.36531880711395e-05	7.36531880710408e-05	7.36531880711335e-05	0.032904914994002	0.0279735245303813	8.90028021920642e-05	0.16605483215027	0.166491631550525	7.36531862515276e-05	7.36531880711334e-05
AAATCGCGGAAGGAGT-1	4.80422372911692e-05	0.0171339083685121	4.80422372911679e-05	0.0101006341227453	0.0535765420436457	0.751981604533092	4.80422372060658e-05	0.00414190308048138	0.0652397963916035	0.0147805197444745	0.00943397101412099	4.80422372018004e-05	0.00220103918948516	0.0492811378916479	5.11597361680333e-05	4.80422374248622e-05	0.021837572697608
AAATCGTGTACCACAA-1	4.8852375738534e-05	0.0545696766446812	4.8852375737152e-05	0.00846963834937282	4.8852375738534e-05	0.822601735072216	4.88523750116968e-05	4.8852375738536e-05	4.88523757323906e-05	4.88523757385338e-05	0.00606732414942526	4.88523757957514e-05	5.88067006691999e-05	0.0483353628833419	0.0586790803703145	4.88523679089247e-05	0.000778704456838754
AAATCTAGCCCTGCTA-1	4.86333472545271e-05	0.0506026103000074	0.00102600662657807	0.0240301083744583	4.86333472545237e-05	0.801196436668252	4.86333489012369e-05	4.86333472545559e-05	4.86333472539611e-05	4.86333472545257e-05	4.86333472545374e-05	4.86333473587912e-05	5.66298055650657e-05	0.0234388322190329	0.0991123994991054	4.86333470322817e-05	9.92763801821712e-05
AAATCTGCCCGCGTCC-1	0.206905125924904	6.61906612596525e-05	6.61906612596399e-05	6.61906612596506e-05	0.0113027697607074	0.587794408214521	6.61906627388324e-05	0.0012244543847138	6.61906612596768e-05	0.0746444437798871	6.61906612596508e-05	6.61906612596726e-05	6.6190661259652e-05	0.00130576096088962	6.61906612596509e-05	6.61906647316395e-05	0.116161130356829
AAATGATTCGATCAGC-1	4.8467527963629e-05	0.0774382873191261	4.84675279636277e-05	4.84675279636259e-05	4.84675279636113e-05	0.482832444784042	4.84675291075995e-05	4.8467527963626e-05	0.0107642486158581	4.84675279636291e-05	0.0103450828789481	4.84675279469806e-05	0.00323062818070322	0.341735714872445	0.073168918070896	4.84675251815864e-05	4.84675279636261e-05
AAATGCTCGTTACGTT-1	0.00895497706612431	0.0970011931978508	6.08109275852089e-05	0.000501305380453154	6.08109275869399e-05	0.15976773308129	6.08109272841108e-05	0.00616816669438378	0.00179430343657621	6.08109275852132e-05	6.08109275852142e-05	0.00196294400015111	0.543223583212149	0.0770089906748008	7.18713145782549e-05	6.08109258002215e-05	0.103180066378216
AAATGGCATGTCTTGT-1	5.41588856682141e-05	0.0589036508942737	5.41588856682089e-05	0.0161479308502995	5.41588856710229e-05	0.256834576373017	5.41588844686022e-05	0.00629916533576824	5.41588856668581e-05	5.41588856681836e-05	5.41588856682091e-05	5.41588856682159e-05	0.44124158908599	0.161037850644258	6.48818231685203e-05	5.41588868974481e-05	0.0589829250221801
AAATGGCCCGTGCCCT-1	0.000112240026352403	0.0547202611108112	0.000112240026352405	0.223735974027505	0.000112240026352402	0.365792761283488	0.000112240024970286	0.000112240026352421	0.0321440026189269	0.050235542991401	0.0658374734725831	0.0638156302940785	0.000112240026352417	0.0337564405651267	0.109063993425355	0.000112240027638783	0.000112240026352399
AAATGGTCAATGTGCC-1	3.20243573730774e-05	0.037946135521333	3.2024357372904e-05	0.0046014127064997	3.20243573730763e-05	0.711500528316804	3.20243597668746e-05	3.20243573774446e-05	0.0117766983099854	3.20243573730787e-05	0.0084031925667606	3.20243573730767e-05	3.20243573730768e-05	0.165779237468274	0.0529984051267736	3.20243531742599e-05	0.00670617076901296
AAATTAACGGGTAGCT-1	4.9181208541853e-05	0.0548472420684767	4.91812085415861e-05	4.91812085418524e-05	4.91812085418502e-05	0.828526284859778	4.91812072681133e-05	4.91812085418546e-05	0.00479411469817165	0.00379800048404723	0.0116570068300453	4.91812085418568e-05	0.00845831821246595	0.0438497166637987	0.0296652114199342	4.91812048315128e-05	0.0140106550999319
AAATTAATAAGCGCGA-1	5.12708511525282e-05	0.0522173843656985	0.0208153734538922	0.0107802126454459	4.79603764471885e-05	0.677526939625837	4.79603764210085e-05	4.79603764471871e-05	0.0499089922463343	4.79603764471843e-05	0.0240436174495042	4.79603762367109e-05	4.79603764471885e-05	0.112107542183216	0.0325146251080998	4.79603842026214e-05	0.0196983194281705
AAATTACACGACTCTG-1	4.90664375055632e-05	0.0389146902644848	4.90664375053601e-05	0.00622830201107266	4.90664375031735e-05	0.633237926114165	0.000224712454436504	4.90664375055693e-05	4.90664375072352e-05	4.90664375055751e-05	4.90664375055743e-05	4.90664375054458e-05	4.90664375055766e-05	0.270087323951397	0.050700459728517	4.90664371760035e-05	0.000115921101201942
AAATTACCTATCGATG-1	5.28949443205425e-05	0.0170307289533537	5.28949443205687e-05	0.00911890846429602	5.28949443202418e-05	0.710660588125803	5.28949441598666e-05	5.28949443205718e-05	0.00305858441705744	5.28949443205688e-05	0.00373842513118629	5.28949441064354e-05	5.59847838761584e-05	0.175340253486179	0.0805204721329039	5.2894951154865e-05	5.28949443205711e-05
AAATTCCAGGTCCAAA-1	3.54414352263995e-05	0.08415039256942	3.54414359761059e-05	3.54414359762047e-05	3.54414359762091e-05	0.726818764211555	3.54414358986853e-05	3.54414359898706e-05	3.5441435883912e-05	3.54414359762083e-05	3.54414359762883e-05	3.5441435976209e-05	3.54414359762256e-05	0.120362453072211	0.0680497500841772	3.54414354780101e-05	0.000193342832326313
AAATTGATAGTCCTTT-1	3.3616263777759e-05	0.0190135228370988	3.36162637776319e-05	0.036363051720678	3.36162637777597e-05	0.796982303800355	0.000952732699693746	3.36162637777601e-05	3.36162637792731e-05	3.36162637777611e-05	0.00725902455322931	3.36162638512922e-05	0.000246742997112587	0.0728665730875797	0.0569682794415729	3.36162624703216e-05	0.00907883875369016
AAATTGCGGCGGTTCT-1	0.110407858018459	0.0153340541437201	0.000107094575639705	0.000107094572474979	0.000107094575640619	0.229764444972636	0.000107094575863885	0.000107094575640755	0.000107094575807209	0.0349319270667805	0.000107094575640714	0.00010709457511035	0.427318670456874	0.000107094575640708	0.000108839936586251	0.000107094573144441	0.18106325965434
AAATTGGTGAGAAGCA-1	7.32358581923631e-05	8.77747691793142e-05	7.3235858193851e-05	7.32358581940272e-05	7.32358582060038e-05	0.651141733851607	7.32358575108674e-05	7.32358581940243e-05	0.0206294268619863	7.3235858194038e-05	0.0920292561590233	7.32358580352332e-05	7.32358581940246e-05	0.101876729651738	0.133355422509923	7.32358535420562e-05	0.000147297620086761
AAATTTACCGAAATCC-1	0.042136072905412	0.02320440439705	7.22374970162563e-05	0.0862955103698534	7.22374970162591e-05	0.496555750084063	0.000160716480556234	7.22374970162566e-05	0.0164818540592739	7.22374970162545e-05	0.0556358867395689	0.0123792528352453	0.00325333193810016	0.172766150076584	0.0584553216998875	7.22374976276275e-05	0.0323145609287134
AAATTTGCGGGTGTGG-1	4.88202677084161e-05	0.0297743974134812	4.88202677078387e-05	4.88202677083984e-05	4.88202677059966e-05	0.784040673864154	4.88202676926799e-05	4.8820267708395e-05	4.8820267729417e-05	4.88202677083877e-05	0.0108104020196904	4.8820267652736e-05	4.92264006017781e-05	0.174696331091186	6.06735638588843e-05	4.88202667002564e-05	8.0092971005015e-05
AACAACTGGTAGTTGC-1	4.90279893205714e-05	0.0747338620036478	4.9027989320558e-05	0.0205881983454461	4.90279893388384e-05	0.376733451855538	4.90279879712225e-05	4.9027989320591e-05	4.90279893153731e-05	0.00373298499368117	4.90279893205546e-05	4.90279893205575e-05	0.301207329441111	0.106561341690841	0.0439807438280217	4.90279881656726e-05	0.0720208359403197
AACAATACATTGTCGA-1	4.93887368128594e-05	0.0944982990348117	4.93887368125485e-05	0.00152532326097757	4.93887368143828e-05	0.730927167167066	4.93887365746221e-05	4.9388736812866e-05	0.00681727740810443	4.93887368128648e-05	4.93887368128662e-05	4.938873681287e-05	4.94266544991983e-05	0.164846620688303	0.000834428828480378	4.93887392279688e-05	5.69583242641555e-05
AACAATTACTCTACGC-1	7.10341380466776e-05	0.0788044392485584	0.0299609481132019	0.0354554731080977	7.10341380466797e-05	0.468825934454337	7.10341372839007e-05	7.10341380466768e-05	0.0483698898082574	0.000390844426441412	0.0934742202981304	7.10341380466568e-05	0.0695722478263605	0.126123113956899	0.00038961914989907	7.10341434187434e-05	0.048207064776928
AACACACGCTCGCCGC-1	4.95649303547572e-05	0.0117476144102094	4.95649303547475e-05	0.0104244074929826	4.95649303544572e-05	0.914998818189839	4.95649301468179e-05	4.9564930354747e-05	0.00376454354775561	0.0122745828125944	4.95649303547454e-05	4.95649303547297e-05	5.79567795867513e-05	0.0325975551839409	0.0114254194555128	4.95649338283082e-05	0.00231258268147533
AACACGACTGTACTGA-1	3.83025613978973e-05	0.0495351034340884	3.8302561400832e-05	0.0120355561781835	3.83025614318405e-05	0.0772062741944846	0.000567187373829377	3.83025613999741e-05	3.83025614060868e-05	3.83025613993971e-05	3.83025613999745e-05	3.83025613996713e-05	0.582818498081722	0.192154788416349	4.18112217367096e-05	3.83025607153615e-05	0.085296058047655
AACACGAGACGCGGCC-1	0.121814777074775	4.94973302323822e-05	4.94973302323842e-05	4.94973302323826e-05	0.0784933068563826	0.717057344813628	4.94973299305581e-05	4.949733023239e-05	4.94973302323773e-05	4.94973302323842e-05	4.9497330232382e-05	4.94973300242778e-05	4.94973302323815e-05	0.0514306760567199	4.9497330232384e-05	4.94973356758748e-05	0.0306099272307728
AACACGCGGCCGCGAA-1	0.15569648774499	0.237153271066679	0.059354416229418	0.0276921217806651	0.0431724248245072	0.224667372309258	0.000111117294994285	0.000111117293857858	0.0701785874227751	0.000111117293857831	0.0258941559123339	0.000111117293857831	0.0162385436533952	0.089908715388495	0.000111117293857824	0.000111117290637921	0.0493771999064205
AACAGCTGTGTGGCAA-1	3.39999817498641e-05	0.0288632420081484	3.39999815160042e-05	0.00181099213313138	3.39999817384748e-05	0.778504507412602	3.39999816465077e-05	3.39999817498841e-05	3.39999817480878e-05	3.39999817498873e-05	3.39999817498826e-05	3.39999817498902e-05	3.98480776086558e-05	0.145540596188875	0.0447890471509909	3.3999986035767e-05	0.000111767207210061
AACAGGAAATCGAATA-1	5.42158016046937e-05	0.0787305960469104	0.0119794191959803	0.0262402082041261	5.4215801607377e-05	0.235515358806493	0.000776804686854471	5.42158016047018e-05	0.0186370612736994	5.42158016046943e-05	5.42158016046932e-05	5.4215801604693e-05	0.516220901224374	0.0662251780858954	0.00333401259659347	5.42158014321048e-05	0.0419609492680111
AACAGGATGGGCCGCG-1	4.78339766558634e-05	0.0438759040096558	0.00955436503144769	0.0264833801039751	4.78339766558653e-05	0.608002494651838	0.00173873702209674	4.78339766558639e-05	0.00498302070946203	0.0024875549406127	0.0519827912471852	0.00634491640934761	0.0977728777971143	0.0973321294838646	0.00512384067911488	4.78339753864125e-05	0.0441266520089312
AACAGGTAGTATGGAT-1	5.2943882896135e-05	0.0525087026016243	5.29438835311863e-05	0.00672253700804655	5.29438826160332e-05	0.838136943280301	5.29438864495075e-05	5.29438832729944e-05	5.2943883824451e-05	5.294388330107e-05	5.29438832728633e-05	5.29438830101163e-05	0.0169455063971583	0.0850310472400197	7.28807534847877e-05	5.2943883918118e-05	5.29438832728162e-05
AACATATCAACTGGTG-1	5.02806624168152e-05	0.069227471722415	5.02806624168024e-05	5.02806624167929e-05	0.0141136880672609	0.646000486617386	5.02806621543214e-05	5.02806624167929e-05	5.02806624179057e-05	5.02806624167931e-05	5.02806624167929e-05	5.02806624167929e-05	5.42456508164533e-05	0.11133098581701	0.158715066479223	5.02806649639504e-05	5.52490194340614e-05
AACATCGATACGTCTA-1	7.27390160929476e-05	0.0825167696369126	7.27390160929532e-05	0.0949692762874219	7.27390160930647e-05	0.501513864370879	7.27390159490014e-05	7.27390160930237e-05	7.27390160929499e-05	7.27390160929443e-05	0.0474110104472339	7.27390161562303e-05	7.27390160929402e-05	0.146220338358197	0.126568611722917	7.27390155896264e-05	7.27390160929471e-05
AACATTGAAGTTGATC-1	3.56088453148483e-05	0.0817876704515776	3.56088453148348e-05	0.00790941063548813	0.0280689621798629	0.853973488739303	3.56088438672229e-05	3.56088453148238e-05	3.56088453148395e-05	3.56088453148434e-05	4.24741809399503e-05	3.56088452862618e-05	3.6035962615083e-05	0.0277646960974692	4.26396781641611e-05	3.56088548489283e-05	8.97513040028302e-05
AACATTGGTCAGCCGT-1	6.27596163261996e-05	0.210486239612328	0.0504101550714638	0.0232786868109164	6.27596163260634e-05	0.00971223542222086	6.27596164376994e-05	6.27596163271272e-05	6.27596163220623e-05	6.27596163262192e-05	0.0127700931465908	6.27596163246653e-05	0.440464784398041	0.132045141585641	9.33210202914386e-05	6.27596168077352e-05	0.120237266001309
AACATTGTGACTCGAG-1	0.00766134710482699	0.113201771585675	5.2083297658098e-05	0.0267881188278907	5.2083297650817e-05	0.494154097812658	5.20833010805141e-05	5.20832976507892e-05	0.0192914670171721	5.20832976507955e-05	0.0114627059234041	5.20832976931861e-05	0.0110275998876124	0.270699766145908	0.0452880463269391	5.20832939473942e-05	6.04962845824971e-05
AACCAAGACTTCTCTG-1	0.0645202402461841	0.00859538748875385	7.14378048417729e-05	0.0123560510237995	7.14378048417756e-05	0.529520239563008	0.00052789558951621	7.14378048417871e-05	0.0791642151048875	7.14378048417762e-05	0.114628651243017	7.14378048194498e-05	0.00118172179114067	0.0844664183867244	7.14378048417723e-05	7.14378053024747e-05	0.104539114928637
AACCAGTATCACTCTT-1	3.40008717762557e-05	0.0478309944955701	0.00159904196669183	0.00495051271197391	3.40008717759983e-05	0.476300027625292	3.40008702330141e-05	3.40008717762549e-05	3.40008717762492e-05	3.4000871776248e-05	3.40008717762483e-05	0.00453767924096765	3.40008717762501e-05	0.424156448304121	0.0295205074692328	3.40008715405084e-05	0.0107987803419439
AACCATAGGGTTGAAC-1	3.18062637009123e-05	3.23762262134887e-05	3.18062637008711e-05	4.20506223794156e-05	0.0183007774056555	0.906922991337139	3.18062624089754e-05	9.15980051632889e-05	0.00641862909071671	3.1806263700912e-05	5.32995572250152e-05	3.18062636476463e-05	3.18062637008957e-05	0.0248934057869446	3.18062637009001e-05	3.18062649923445e-05	0.0429904218590094
AACCATGGGATCGCTA-1	0.0199210709051315	0.0521319766742351	5.80098581862132e-05	0.0262734221183646	5.80098581852218e-05	0.160101154236006	5.80098572285773e-05	5.80098581861964e-05	0.013521950782967	5.80098581861965e-05	5.80098581861988e-05	5.80098582096407e-05	0.571819079128559	0.0324383913905587	6.19112055437063e-05	5.80098579907418e-05	0.123266964694276
AACCCAGAGACGGAGA-1	0.132027461788345	0.190998088789566	9.30472214349163e-05	0.0362468427315736	9.30472214349166e-05	0.168311647660772	9.30472187988664e-05	9.30472214349139e-05	9.30472214363517e-05	9.30472214349138e-05	9.30472214349177e-05	9.30472214853251e-05	0.315481246862171	0.0715334024473297	0.0067702322079902	9.30472237918915e-05	0.0777936525195662
AACCCATCCCATGATC-1	4.90104800956288e-05	0.0558150682728204	4.90104800955974e-05	4.90104800955947e-05	4.90104800955947e-05	0.67587561633885	4.90104798600763e-05	4.90104800955995e-05	0.0237671939092816	4.90104800955946e-05	4.90104800955956e-05	4.9010479973416e-05	6.53107496927278e-05	0.166599150452013	0.0727679399509265	4.90104809714027e-05	0.00461961552494165
AACCCGACAACCCGTG-1	9.40019587575722e-05	0.0365115257794541	3.48390160506995e-05	0.0196011835897722	3.48390160503451e-05	0.862895353626129	3.48390150534147e-05	3.92302719350492e-05	3.48390160494208e-05	3.48390160503485e-05	4.35670686256023e-05	0.017017591054059	3.48390160503458e-05	3.48390160503453e-05	4.15460165670125e-05	3.48390247873292e-05	0.0634772884985586
AACCCGAGCAGAATCG-1	5.13057078053914e-05	0.0379725892068906	5.13057075905886e-05	5.13057076821329e-05	5.13057076822071e-05	0.825871371548443	5.13057096268177e-05	5.13057076828854e-05	0.0095082762607147	5.13057076821843e-05	0.00328025891527046	5.13057076749966e-05	7.45794547117767e-05	0.00777070051542319	0.114916864999638	5.13057059213026e-05	0.000143607729559038
AACCCTACTGTCAATA-1	4.90204965610176e-05	0.0308956773180707	4.90204965610143e-05	0.00118535634836515	0.0615178749440664	0.807951024111743	4.9020497725432e-05	4.90204965610103e-05	4.90204965610152e-05	4.90204965610149e-05	0.0506734473976628	4.90204965610157e-05	4.90204965610152e-05	0.0468284527305121	0.00045796218138518	4.90204979816883e-05	4.9020496561017e-05
AACCCTGGTGGAACCA-1	0.0265472150350932	0.0961921854975829	5.92670305437033e-05	0.0388079981096638	5.9267030543701e-05	0.106956053580712	5.92670309447626e-05	5.92670305436867e-05	0.00420211981867446	5.92670305437129e-05	0.00808328156225976	0.00694897989862828	0.432564267509115	0.219176307834427	7.87270872285003e-05	5.92670282752808e-05	0.0600872618852206
AACCGAGCTTGGTCAT-1	7.41002371661819e-05	0.0278664447105809	7.41002371648569e-05	0.00702538078358253	7.41002371597077e-05	0.722910833116207	7.4100236993104e-05	7.41002371661708e-05	0.00317474440381723	7.41002371661761e-05	7.4100237166176e-05	7.41002371661763e-05	8.70368311590656e-05	0.130330540215684	0.107864017568725	7.41002359291642e-05	7.41002371661759e-05
AACCGCTAAGGGATGC-1	7.32234261777857e-05	7.32234261777814e-05	7.32234261781171e-05	0.0371113492831271	7.32234261777819e-05	0.842465770686882	7.32234261761463e-05	0.0115882808696306	7.32234261770454e-05	0.0217788328122046	0.00717762403457392	7.32234261778077e-05	0.00823610164117307	0.00742671556424524	7.32234261777771e-05	7.32234212262198e-05	0.0635563142775169
AACCGTTGTGTTTGCT-1	0.00168309354434552	0.0445571606438667	5.85022901150148e-05	5.85022901150148e-05	5.85022901137338e-05	0.257148167116791	5.8502289013698e-05	5.85022901150501e-05	0.0156721194950962	0.0250127147676404	0.0164901852581202	5.85022901150145e-05	0.491224350852291	0.0541773170810138	6.10297602289859e-05	5.85022886140665e-05	0.0935643454524055
AACCTCGCTTTAGCCC-1	5.25946195368656e-05	0.0669005989316821	0.000626235539537673	0.0230051531835968	5.25946195366319e-05	0.679566735669179	5.25946188590673e-05	5.2594619524025e-05	5.25946195368883e-05	5.25946195368928e-05	5.25946195368908e-05	5.25946195368905e-05	5.4630557129414e-05	0.162435326467551	0.0668853734551067	5.2594621076378e-05	5.25946195368931e-05
AACCTGTCACGGAATT-1	0.0611669102932594	0.0418128045830737	5.21198290351744e-05	0.110568096563519	5.21198290351677e-05	0.595396568994138	5.21198317176309e-05	5.21198290351773e-05	0.0123607354081696	5.21198290351736e-05	0.0323817927390707	5.21198290528849e-05	5.21198290351747e-05	0.078282262064215	0.0651819574212087	5.21198335714164e-05	0.00243191329382888
AACCTTTAAATACGGT-1	5.01211319221506e-05	0.0447271183048815	5.01211319221546e-05	0.000669888263512042	5.0121131922155e-05	0.799998268215749	5.01211331303248e-05	5.01211319221445e-05	0.0169423414671505	0.00675061790499611	0.00297837878036528	5.01211319221532e-05	5.01211319221567e-05	0.099535702089679	0.0279185197083117	5.01211396971115e-05	7.81962009944659e-05
AACCTTTACGACGTCT-1	5.0853325961194e-05	0.0361474467935161	5.08533259611984e-05	0.0062140488977867	5.08533259611931e-05	0.558326149900759	5.08533285317628e-05	5.08533259611971e-05	5.08533259611946e-05	5.08533259612012e-05	5.08533259611943e-05	5.08533260445034e-05	5.80057999939977e-05	0.282690685869689	0.115977301167403	5.0853326343332e-05	7.78283082041987e-05
AACGAAAGTCGTCCCA-1	4.89947091534625e-05	4.89947091534652e-05	4.89947091534614e-05	0.0293756305329251	0.137255832092136	0.733694541687516	0.010875711418339	4.89947091534592e-05	0.00916959339338253	0.00228059965274597	0.0411883440032889	4.89947087804703e-05	4.8994709153465e-05	0.00876760265641735	7.53605742352686e-05	4.89947122909968e-05	0.0269738210221749
AACGATAATGCCGTAG-1	4.98957853583738e-05	0.0336344667545014	4.98957853583708e-05	0.00897231629262974	0.0711088801873278	0.748806192630933	4.98957843973141e-05	4.98957853583666e-05	0.012246526073234	4.98957853583657e-05	0.0304444106206787	4.98957850873549e-05	0.00966884211254003	0.0577242997443674	0.0269840913891434	4.98957830293514e-05	6.070370069714e-05
AACGATAGAAGGGCCG-1	0.0122040144340517	0.0802086315621283	5.67894415147602e-05	0.0269419174792922	5.67894415027493e-05	0.181094816374267	0.00334870731843571	5.67894415147586e-05	5.67894415102432e-05	5.67894415147643e-05	5.67894415147589e-05	0.00590262690758014	0.51093774044615	0.112298330677077	6.31648559193053e-05	5.67894415110022e-05	0.0666025238545158
AACGATATGTCAACTG-1	5.15703550266489e-05	0.0561937082166843	5.15703550268133e-05	5.15703550266665e-05	0.0021004884353038	0.754015921258612	5.15703552480289e-05	5.1570355026666e-05	5.15703550309018e-05	5.15703550266638e-05	5.15703550266653e-05	5.15703550400438e-05	5.15703550266653e-05	0.117286075369426	0.0697849624605673	5.15703538737021e-05	5.15703550266598e-05
AACGCATGATCTGGGT-1	0.00293952251713144	0.0333710551494213	0.000256818473547333	0.00652589964992174	5.37250410737251e-05	0.558003470561215	5.37250404567332e-05	5.37250410737257e-05	0.00963368086489737	5.3725041073716e-05	0.00501352142384211	5.37250411855216e-05	7.4776892437252e-05	0.280497050323278	0.0976139560998224	5.37250395581121e-05	0.00574789780006411
AACGCGAACGGCAACA-1	0.100125166681761	0.184273477900789	8.82789828337714e-05	0.0309490818094399	8.82789828337631e-05	0.147249566686651	0.00138570873222109	8.8278982833773e-05	0.00182096781337721	8.82789828337712e-05	8.82789828337741e-05	8.82789828337743e-05	0.417406035385932	0.036521988164884	8.82789828337729e-05	8.82789822216528e-05	0.0795617749628875
AACGCGACCTTGGGCG-1	7.48388940132704e-05	0.0691499955348362	0.00195943961041235	7.48388940132631e-05	0.0263304819374842	0.791033010480956	7.48388920806449e-05	0.00936797227772879	7.48388940132673e-05	0.00170099030645841	7.48388940132547e-05	7.48388940132615e-05	7.48388940132641e-05	0.0624871977964441	0.0372666692982745	7.48388955601414e-05	0.000105531605685595
AACGCGGTCTCCAGCC-1	3.40474360801938e-05	0.0605832497082789	3.40474360802034e-05	3.40474360802005e-05	3.40474360802096e-05	0.777614538964587	3.40474364488966e-05	3.40474360802007e-05	3.40474360785035e-05	3.40474360801999e-05	0.00279521189340359	3.40474357143109e-05	0.0166425545636689	0.0841434332750968	0.0490984519868855	3.40474429789876e-05	0.00878208524037719
AACGCTGTTGCTGAAA-1	5.05136730808434e-05	5.05136730808435e-05	5.05136730808421e-05	0.00834300787920021	0.0397516635341373	0.851601141083241	5.05136740757084e-05	5.05136730808431e-05	5.05136730808379e-05	5.05136730808437e-05	5.05136730808436e-05	5.05136732855153e-05	0.00273726413825919	0.041436784326473	0.0104160681099085	5.05136774940803e-05	0.04520893419236
AACGGACGTACGTATA-1	4.988243663868e-05	0.0204360462187094	4.98824366386471e-05	0.0014701147794278	4.9882436638675e-05	0.819905383009008	4.98824378951154e-05	4.98824366386687e-05	0.0178465650041788	4.98824366386527e-05	0.00253521844028027	4.98824366386471e-05	0.00306824069232748	0.108637204961526	0.0256522849613807	4.98824387967207e-05	4.98824366386535e-05
AACGGCCATCTCCGGT-1	4.76522174850555e-05	0.0465184725843384	4.76522174850504e-05	0.0085952833919453	4.76522174850535e-05	0.748585336346993	4.76522184750294e-05	4.76522174850483e-05	0.111361658575777	0.00599796249853125	0.0100197117223674	4.76522177792591e-05	4.76522174850481e-05	0.0594060229749645	0.00906422257592102	4.76522236906312e-05	7.01115817923711e-05
