Bcell	astrocyte	dendriticcell	endothelialcell	macrophage	malignantcell	mastcell	matureTcell	microglialcell	monocyte	muralcell	naturalkillercell	neuron	oligodendrocyte	oligodendrocyteprecursorcell	plasmacell	radialglialcell
AAACAAGTATCTCCCA-1	5.09690752152606e-05	0.187083080103694	0.0211229353691804	0.0181166622446065	0.0527678175283105	0.542500541236498	5.0969076380229e-05	5.09690752111339e-05	0.0428990763079095	5.09690752152405e-05	0.0301181725563001	5.09690752152801e-05	6.4390965343384e-05	0.0367927409918346	0.0220888300058577	5.09690746150686e-05	0.0461399382386129
AAACAATCTACTAGCA-1	4.74447798089282e-05	0.115444133057251	0.0208435515001033	0.0443905902701985	0.00778066418425521	0.650976607486934	4.74447797620819e-05	4.74447798089298e-05	0.0805626988558965	4.74447798089303e-05	0.040245003445065	0.00324378144455677	4.74447798089296e-05	4.74447798089296e-05	0.0113018960478468	4.74447743612394e-05	0.0248789602547242
AAACAGAGCGACTCCT-1	4.88693930627426e-05	0.0847104688046036	0.0171903782467125	0.0279772295780162	4.88693930627361e-05	0.729106935997941	0.00126858682832593	4.88693930627424e-05	0.0800713035485283	4.88693930627328e-05	0.0236008815559877	0.00411842572146115	0.00192524146378668	4.88693930627355e-05	0.0295527068207157	4.8869392272872e-05	0.000184625076334744
AAACAGGGTCTATATT-1	5.36890005950965e-05	0.0848144558320436	5.36890006007887e-05	0.0504939957794603	0.0662578797989077	0.703637814812823	5.36890005878562e-05	5.36890005950941e-05	5.36890005950914e-05	0.0380183962315657	0.0294380767472547	5.36890005946224e-05	5.3689000595092e-05	5.36890005950945e-05	5.36890005950946e-05	0.000166485268392764	0.0266896945241988
AAACAGTGTTCCTGGG-1	7.61597141332825e-05	0.142532134861572	0.0356086854815071	0.0932658519961735	0.0853535987930443	0.399718285891879	7.61597170705333e-05	7.61597141332945e-05	0.0176160183719643	0.0179928994018097	0.1169722907262	0.0049520544611887	7.61597141332877e-05	7.61597141332941e-05	0.0854550619974055	7.61597295189449e-05	7.61597141332936e-05
AAACATTTCCCGGATT-1	3.64255753621233e-05	0.0437877029256996	3.64255753621339e-05	0.454421171931298	3.64255753621389e-05	0.13954272533677	3.64255753891471e-05	3.64255753621389e-05	0.0857819222962135	0.00869646302529681	0.252391161367381	3.64255753614467e-05	3.6425575362126e-05	3.64255753621339e-05	0.0145531958738109	0.000411201830488008	0.00012305081011892
AAACCCGAACGAAATC-1	5.14584782507161e-05	0.163545746083806	0.0615907280326017	0.0286211868962494	5.14584782507068e-05	0.629882218830654	5.14584798224887e-05	5.145847825071e-05	0.0536831011221166	5.14584782507089e-05	5.14584782507081e-05	5.14584781568417e-05	5.85233682306484e-05	0.00607207375850168	0.0560494766411017	5.14584879516562e-05	8.52774295542556e-05
AAACCGGGTAGGTACC-1	0.000622665906174711	0.0154968917627589	1.72071039314297e-05	0.0173535242134324	0.0397739112866048	0.768432567184185	1.72071053049636e-05	0.00569926820074779	1.72071039327831e-05	0.0584091987402024	0.0338713963009893	1.72071039327927e-05	1.72071039327909e-05	1.72071039327909e-05	1.72071039327936e-05	1.72071100628234e-05	0.0602029195659415
AAACCGTTCGTCCAGG-1	7.24728819120714e-05	0.145337065249283	7.2472881912066e-05	0.021533244193744	0.0351300863008272	0.667405589379163	0.00352219721108177	7.24728819120665e-05	0.0279056843752613	0.00452036617966199	0.0412102262315748	7.24728819077308e-05	0.00344211874304377	0.0186924997645248	0.0308562379064695	7.24728798528052e-05	8.23200578675081e-05
AAACCTAAGCAGCCGG-1	4.78173157429428e-05	0.0810157268742201	0.0228010346233134	0.243826600022395	0.00970472797373173	0.411777926198265	4.78173156142713e-05	4.78173157429435e-05	0.045229981166729	4.7817315742935e-05	0.164598458151229	0.00297382832355982	4.78173157429427e-05	4.78173157429445e-05	0.0175831249086909	4.78173085307197e-05	0.000153870555005117
AAACGAAGAACATACC-1	4.96408202209539e-05	0.0827436185082266	0.00381241645075326	0.0129393356747196	0.00853494003056472	0.724433427550565	4.96408224591333e-05	4.96408202209491e-05	0.0160874438804663	4.96408202209491e-05	0.128840571936922	4.96408201275781e-05	0.0170585866633435	4.964082022095e-05	0.0050783094364128	4.96408269659594e-05	0.00012386411758968
AAACGAGACGGTTGAT-1	8.15977855362049e-05	0.139319262792643	0.0180427310268284	0.0771449315726533	0.00086734758003661	0.583929259248253	8.15977826865849e-05	8.15977855361999e-05	0.0677890434051184	8.15977855361947e-05	0.0492652341615011	8.15977854261399e-05	0.00229484779465919	0.0104251084838622	0.0503471676232725	8.15977691742814e-05	8.54796172761217e-05
AAACGCCCGAGATCGG-1	4.86063077693611e-05	0.0625419283433596	0.0121730515275399	0.068646848285272	4.86063077693423e-05	0.595659300502151	4.86063070446228e-05	4.86063077693493e-05	0.0853076990677043	4.86063077693451e-05	0.0394416224736866	4.86063077974949e-05	0.0995737532571619	4.86063077693462e-05	6.09216503099858e-05	4.86062948142268e-05	0.0362060244443115
AAACGGGCGTACGGGT-1	4.8410278129326e-05	0.0922582905205912	4.8410278129328e-05	0.0353069985548679	0.0401567071918663	0.652307804415215	4.84102766078575e-05	0.00238780625788261	0.0960916030293769	0.00543193607876515	0.0187419301475426	4.84102781293039e-05	0.00558613767566385	4.84102781293263e-05	0.0447853127326487	4.84102953518371e-05	0.00665501171110326
AAACGGTTGCGAACTG-1	5.07028698772813e-05	0.141625663761102	0.0103376280343092	0.153280759275944	5.07028698773051e-05	0.538275048855301	5.07028687308264e-05	0.00659192579442334	0.139893069331847	5.0702869877285e-05	0.00568101024613085	5.07028698772778e-05	5.07028698772854e-05	0.000492823998831052	0.00331694589974192	5.07028743206372e-05	0.000150204709931789
AAACTAACGTGGCGAC-1	3.2986284676146e-05	0.0710821805789536	0.00357789716639348	0.0204970482556102	3.29862846761459e-05	0.707593432591232	3.2986286850379e-05	0.00182167788479077	0.0694147875952195	3.29862846761537e-05	0.0264771486692003	3.29862846761363e-05	0.0322898372791928	3.29862846761456e-05	0.0432696685464896	3.29863315001461e-05	0.0237454173911868
AAACTCGGTTCGCAAT-1	4.98462192304236e-05	0.115731689376589	4.98462192304236e-05	0.187679522171307	0.0400230049349184	0.571283765441156	4.9846219091567e-05	4.98462192304238e-05	0.0420462401815462	4.98462192304234e-05	0.013575860180288	4.98462189740231e-05	4.98462192304215e-05	4.98462192304238e-05	0.0291104336578641	4.984620940735e-05	0.000100868093475801
AAACTCGTGATATAAG-1	3.41239406123495e-05	0.125781350856937	0.0142013201427846	0.0211548989136945	3.41239406123378e-05	0.70901191307459	3.41239393317141e-05	3.41239406123377e-05	0.0598962206181565	3.41239406123348e-05	3.41239406123374e-05	0.00681596887225585	0.0288970211741378	3.41239406123376e-05	0.030239272014458	3.41239556284803e-05	0.00372904279435196
AAACTGCTGGCTCCAA-1	0.00123889896363162	0.167888096308241	0.0205828151710118	0.0330491027934956	7.33170164013364e-05	0.630820975851586	7.33170164424984e-05	0.00314311007484465	0.0709384484567919	0.0107135077459129	0.0609404201772162	7.33170164013339e-05	7.33170164013347e-05	7.33170164013351e-05	9.95663819464631e-05	0.000145155976872313	7.33170164013347e-05
AAAGACCCAAGTCGCG-1	4.94434413259903e-05	0.135926674405971	0.0113392192731915	0.0387685827985143	0.0460744983955187	0.659151480480952	4.94434395805099e-05	0.00552568638370096	0.0524436118211443	4.9443441325986e-05	0.050303756136799	4.94434413259865e-05	4.94434413259879e-05	4.94434413259881e-05	7.09427807077869e-05	4.94434359643593e-05	4.94434413259857e-05
AAAGGCCCTATAATAC-1	5.34664766673725e-05	0.109631352934376	5.34664766670558e-05	0.0171930388170858	0.150416532559594	0.634835859344561	0.00553486512808208	5.346647666743e-05	0.00553539580904882	6.94882097616737e-05	0.0383659528171417	5.34664764694458e-05	7.10062062546541e-05	5.34664766674173e-05	0.0379722428262614	5.34664880273854e-05	5.34664766674034e-05
AAAGGCTACGGACCAT-1	7.08635153161193e-05	0.0894947141458735	0.0553666345110332	0.112724563215996	0.0129358302172108	0.548002863568179	7.08635172734417e-05	7.08635153161269e-05	0.122756041268583	7.08635153161327e-05	0.0281904468583769	7.08635152819208e-05	7.08635153161304e-05	0.0172534306434138	0.0126892904213983	7.08635210873498e-05	9.01405350290019e-05
AAAGGCTCTCGCGCCG-1	0.00641856834524316	0.155079279897631	0.00918117062745762	0.0654026790753378	0.0466631225486316	0.656976907516379	4.97428293050197e-05	4.97428304139813e-05	0.0213754066090697	0.00478167867876116	0.00784387424655843	4.97428304139795e-05	4.97428304139776e-05	5.00843076175402e-05	0.0259133197886236	4.97428298043286e-05	6.51942083371545e-05
AAAGGGATGTAGCAAG-1	7.92131751377827e-05	0.129586361044306	7.92131751377848e-05	0.0183779366164304	0.162624579887614	0.42201015727702	7.92131782294164e-05	7.92131751377765e-05	7.92131751377848e-05	7.92131751377846e-05	0.236164918635987	7.92131751377892e-05	7.92131751377843e-05	7.92131751377845e-05	0.030364701628913	7.92131552595992e-05	7.92131751377764e-05
AAAGGGCAGCTTGAAT-1	0.00319820053707085	0.0795670971283739	7.26797423745035e-05	0.0114240594956018	0.0601843165130433	0.514396147913308	0.000157224261829257	7.26797423744963e-05	0.18199663757142	0.00892268672156637	0.0672227424497118	7.26797423687706e-05	0.0514829102307436	0.0185838177143031	7.95310167805065e-05	0.00249390947675582	7.26797423744947e-05
AAAGGTAAGCTGTACC-1	4.84989430817727e-05	0.0997649561658425	0.0258061699085179	0.0503987420357126	0.00555293749833622	0.648562713876175	4.84989431087432e-05	4.84989430817711e-05	0.0747567894089815	0.000643813774309461	0.0458156190622663	4.84989430817717e-05	0.0379390889393013	0.00535620911820774	6.48969263587738e-05	4.84989350527039e-05	0.00509556857858403
AAAGTAGCATTGCTCA-1	7.61022739306107e-05	0.17237416610237	0.00872124688123544	0.0312140669377305	0.0987707114217186	0.531668168971407	0.00540739114542199	7.6102273930606e-05	0.0177031904690341	0.000182115823162856	0.0698777612200498	0.00533903259703702	0.00189792975137018	0.0564504279051059	8.93816732037243e-05	7.6102279361114e-05	7.61022739306065e-05
AAAGTCACTGATGTAA-1	5.06836114927795e-05	0.116828875277925	0.0197739269677906	0.0471172279086489	5.06836114927891e-05	0.669703822429842	5.06836099123518e-05	5.06836114927778e-05	0.0847372710230115	5.06836114927797e-05	0.0248691495136489	5.06836119940223e-05	5.06836114927793e-05	0.00786264309835582	0.0246240671803664	5.06835941911005e-05	0.00407754772685016
AAAGTCGACCCTCAGT-1	2.45720661957424e-05	0.123952194785351	2.4572066194586e-05	0.0131661456586488	0.0898916367972497	0.70557433806478	2.45720661717174e-05	0.000702645392441316	0.00434948632553831	0.0224977834058953	0.0227845333070496	2.45720661957167e-05	0.0149417202547083	0.000460974326894513	2.45720661957339e-05	5.87058436103345e-05	0.00149697550687935
AAAGTGTGATTTATCT-1	5.05713181212672e-05	0.025438616471297	0.0390848711583507	0.0323145404137707	5.0571318121257e-05	0.639810853803237	5.05713193625378e-05	5.05713181212688e-05	0.0774692016467739	5.05713181212588e-05	0.0305119714773346	5.05713180627839e-05	0.0984456301105276	0.0121738172285449	0.0327664899028972	5.05713354160509e-05	0.0116300085419397
AAAGTTGACTCCCGTA-1	4.98075705058266e-05	0.105265674296595	0.0156549413525869	0.0201080135786746	0.0452659541609285	0.670625195881517	4.98075717391804e-05	4.98075705239527e-05	0.0208482993288886	4.98075705058399e-05	0.00624582652542552	4.98075705058401e-05	0.0452050741480386	0.00670701628762662	0.0636929808232318	4.98075563188372e-05	8.21782063875993e-05
AAATAACCATACGGGA-1	5.02263180918776e-05	0.150712358094552	0.00945243560995172	0.0298422559709294	5.02263180918638e-05	0.625968645729195	5.02263187887049e-05	5.02263180918729e-05	0.120310238163134	5.02263180918791e-05	0.0329050218710593	5.02263180918737e-05	0.0255189997885262	0.00482220575468157	6.20904581905101e-05	5.02263127267128e-05	5.41643378061958e-05
AAATAAGGTAGTGCCC-1	5.01043080487261e-05	0.138349815506827	0.00105788027259496	0.0189012286017383	5.01043080487329e-05	0.656939058166969	5.01043080379878e-05	5.01043080487282e-05	0.10456429453357	5.01043080487322e-05	0.0196864140735121	5.01043080487672e-05	0.0506176402034676	0.00619905905391934	0.00328377511479366	5.01043162770434e-05	5.01043080487401e-05
AAATACCTATAAGCAT-1	5.14909992007318e-05	0.186070511395307	0.0238400574317993	0.0552139240113406	5.14909992007313e-05	0.652014833323489	5.14910006060573e-05	5.14909992007304e-05	0.0518435226260398	5.14909992007284e-05	0.0267216625300712	5.14909992254331e-05	5.67475217048599e-05	5.1490999200734e-05	0.00375311723976337	5.14909902845356e-05	7.36959343660921e-05
AAATAGCTTAGACTTT-1	8.02737227241828e-05	0.155231827307675	8.02737227242481e-05	0.00206576585708262	8.02737227242475e-05	0.666824719797708	8.0273725837685e-05	8.02737227242462e-05	0.066304996665252	8.02737227242441e-05	0.0474807258523755	8.0273722553918e-05	0.00773622022796972	0.000156009141038555	0.0534772716570326	8.02737091285753e-05	8.02737227242678e-05
AAATAGGGTGCTATTG-1	7.96555097535513e-05	0.164013970578884	0.00497072854016889	0.0614228971470807	5.28774670328104e-05	0.629128288392737	0.00208923133726342	0.0108998135006741	0.0979458350055632	5.28774670328123e-05	0.0148144682273583	5.28774670328199e-05	0.00146756595730416	0.00756355809921111	0.00532699745792625	5.28774731615104e-05	6.54803718155102e-05
AAATCCGATACACGCC-1	5.18590256847268e-05	0.113028548219837	5.18590256847513e-05	0.0447551720069105	5.18590256847469e-05	0.631663738324097	5.18590286006554e-05	5.18590256847473e-05	0.111559292597042	0.0168409542439256	0.0200469099065451	5.18590257563781e-05	0.0076299682271478	5.18590256847512e-05	0.0411357876325752	5.18590261946795e-05	0.0129247566329454
AAATCGTGTACCACAA-1	4.94102518178174e-05	0.109919708610729	4.94102518178235e-05	0.0871285088619066	0.0608695301811899	0.591809866418048	4.94102522424185e-05	4.94102518178504e-05	0.0681173593017276	4.94102518178234e-05	0.00288769088048948	4.94102518178209e-05	0.0532606775358614	0.00923555732152182	0.016351119608635	4.94102385246628e-05	7.41095300349442e-05
AAATCTAGCCCTGCTA-1	4.9829172759477e-05	0.155903679189309	4.98291727594843e-05	0.0405839635264304	4.98291727594835e-05	0.559814239708455	4.98291716776296e-05	4.98291727594951e-05	0.176853040962697	4.98291727594823e-05	0.0468430094567714	4.98291728143967e-05	5.3162131919317e-05	4.98291727594817e-05	0.0139087207609058	4.98291700370196e-05	0.00559172171242549
AAATGACTGATCAAAC-1	5.39106438284105e-05	0.233957334508118	5.39106438284705e-05	0.0069554196899331	0.0774171655595367	0.615528516556107	5.39106425772487e-05	5.39106438281716e-05	0.00915387903436538	5.39106438284715e-05	0.0255786020037957	5.39106438261577e-05	6.39062593324049e-05	6.11752970084984e-05	0.0308527159458094	5.39106404486566e-05	5.39106438284771e-05
AAATGATTCGATCAGC-1	4.93755209218863e-05	0.0972453478526586	4.93755209212329e-05	0.0181908202616418	4.93755209218894e-05	0.632813482549884	4.93755162635681e-05	4.93755209218872e-05	0.0566009994459436	4.93755209218829e-05	0.0162976220722252	4.93755204767516e-05	0.130460489761698	4.93755209218895e-05	0.014717467523931	4.93755091031425e-05	0.0332293908606431
AAATGCTCGTTACGTT-1	3.49087270373369e-05	0.154416262012223	0.00786114595332544	0.0422526693685621	0.0313536129903342	0.611507013001557	3.49087270212131e-05	3.49087270373388e-05	0.108742891402481	3.49087270373396e-05	0.00486126014516668	3.49087270373449e-05	0.0284141808653794	0.000421485804057049	0.0098865178871716	7.25951168847388e-05	3.58218176866454e-05
AAATGGCATGTCTTGT-1	5.1616457743659e-05	0.136653083493757	0.00819807839736581	0.0398351268887424	0.0149521696056435	0.677659220137048	5.16164596500271e-05	5.16164577436912e-05	0.0562159123581569	0.0100207990160968	0.00711962499898489	5.16164577482218e-05	0.00678172949501249	0.00342400184992099	0.0388305550242702	5.16164443715695e-05	5.16164577436872e-05
AAATGGCCCGTGCCCT-1	7.27247512560714e-05	0.0995036944391634	7.27247512555325e-05	0.0223628043910337	0.0598678161618595	0.769738980956478	7.27247511233595e-05	7.27247512560719e-05	7.27247512560693e-05	0.0119221083978506	0.0314238595790825	7.27247512562736e-05	7.27247512560746e-05	0.00395406250908057	7.27247512560731e-05	0.000527408836246398	0.000117466719289868
AAATGGTCAATGTGCC-1	0.117223610502834	0.0242767084443545	3.48167745274065e-05	0.0087382049013328	0.110986938581274	0.471551685033724	3.48167745334918e-05	0.00152930065711609	3.481677452956e-05	0.0594558352921291	0.0375563256247453	0.00239073533874766	3.48167745295604e-05	3.48167745732605e-05	3.48167745295614e-05	3.48167835331171e-05	0.166046938192987
AAATGTGGGTGCTCCT-1	4.82550244862548e-05	0.118893075451553	0.0155971300698992	0.0176202568061025	4.8255024486232e-05	0.628463830072044	4.82550233811388e-05	0.0125557969944149	0.140837660768259	4.82550244862508e-05	0.0254103639774317	4.82550244862542e-05	0.00334755791446063	0.00963796278315353	0.0114679707002731	4.82550120514713e-05	0.0158788643290313
AAATTAACGGGTAGCT-1	0.126340674868584	0.0126036820359305	3.46969135800992e-05	0.00574168334932592	0.0524155543084697	0.623133285324484	3.46969157365234e-05	3.46969135804496e-05	3.46969135804726e-05	3.46969135811206e-05	0.0461704818363134	3.46969135804463e-05	3.46969135804695e-05	3.46969135804698e-05	3.46969135804703e-05	3.46969233698544e-05	0.133247669129142
AAATTACACGACTCTG-1	4.9665319164076e-05	0.110139487535284	0.013602011740835	0.0243490521596702	4.96653191640611e-05	0.665055434685667	4.96653190968388e-05	4.96653191640544e-05	0.119897184914476	4.96653191640558e-05	0.0264202422228945	0.000143364703854675	0.0162210051804787	4.9665319164051e-05	0.0236621022438805	0.00014156847332739	7.05542247152168e-05
AAATTACCTATCGATG-1	7.54983395484292e-05	0.131500544728472	0.0172942039956282	0.0979297581826314	0.114078664090913	0.521989770014324	7.54983393987865e-05	7.54983395484306e-05	7.54983395484349e-05	7.54983395484258e-05	0.0233110840011607	7.54983395484287e-05	0.0353426357339177	0.0118313046158433	0.0460636963656526	0.000129849894767542	7.54983395484292e-05
AAATTCCAGGTCCAAA-1	4.96183947178942e-05	0.140760297483938	0.0270501193296863	0.0408177927597746	4.96183947179076e-05	0.715450141569883	4.96183928953619e-05	4.9618394717901e-05	0.0290488498900726	4.96183947179002e-05	0.0141264132256677	4.96183946357492e-05	0.00219446491446812	4.96183947178998e-05	0.0258899903076885	4.9618390800149e-05	0.00426498336689999
AAATTGATAGTCCTTT-1	0.00406182321844715	0.142689253939435	7.4301709609002e-05	0.0553753678761372	0.0702005690898109	0.493657493536613	0.000656663391556809	7.43017096090003e-05	0.0991777058373875	7.43017096090022e-05	0.0930950382058344	7.43017096034557e-05	0.0107464228404394	0.000317421893242149	0.0295764299131611	7.43017098955343e-05	7.43017096090007e-05
AAATTTACCGAAATCC-1	4.78143606314693e-05	0.0595841412685805	0.0303097451160671	0.0285732800224549	4.78143606314505e-05	0.632400536356965	4.78143604936752e-05	0.00295552564628532	0.112088324765103	4.78143606314638e-05	0.0140496811020203	4.78143606314642e-05	0.0897869840062235	4.78143606314641e-05	0.0158851363371367	4.78143654065437e-05	0.0140319448501056
AAATTTGCGGGTGTGG-1	5.09870356192216e-05	0.100828636564827	5.09870356192257e-05	5.09870356192259e-05	5.0987035619225e-05	0.645105004327364	5.09870368390218e-05	5.09870356192373e-05	0.103276089300123	5.09870356192244e-05	0.0476270616226834	5.09870353960032e-05	0.00914052857345687	0.0181275806712789	5.402676645553e-05	5.09870336683616e-05	0.0753821888541921
AACAACTGGTAGTTGC-1	0.0012169606322302	0.0359396748266797	2.39568814878431e-05	0.0435900551136316	0.0207767202054839	0.754422551776051	0.000873287333266739	2.39568814870234e-05	0.0570577837032437	0.0265623893449159	0.0241097955470813	0.00224182120158383	2.39568814870246e-05	2.39568814870276e-05	2.39568814870199e-05	2.39568813685391e-05	0.0330652190270275
AACAATACATTGTCGA-1	5.13991997737777e-05	0.131093414058069	0.000749383496351783	0.0178656530315735	0.0873670765858469	0.694479996842563	5.13991997494703e-05	5.13991997737441e-05	5.67106854477235e-05	5.13991997737592e-05	0.0320490182754133	0.00392396591982629	5.13991997737507e-05	0.00651082678744306	0.0251451089548004	0.000412037144383723	8.98122194368818e-05
AACAATTACTCTACGC-1	7.28073885617835e-05	0.0867966975426213	7.28073885617889e-05	0.0315157255231429	0.0252221311677036	0.580444182968199	7.28073885793321e-05	0.00217990206295673	0.119425793141817	0.00692878004055488	0.0457333479918704	7.28073885617822e-05	0.0739103343952867	0.0273190501186793	8.09888773705267e-05	7.2807400977177e-05	7.90292145561077e-05
AACACACGCTCGCCGC-1	4.98648622799951e-05	0.117502387308425	0.0657819355051207	0.0731824663494503	4.98648622799855e-05	0.590932338430215	4.98648634386597e-05	4.98648622799909e-05	0.0595180642148477	4.98648622799901e-05	0.00482311682193779	4.9864862302525e-05	0.0211132717212843	4.98648622799929e-05	0.0666685448278363	4.98648490381149e-05	7.89559347040254e-05
AACACGACTGTACTGA-1	0.00348027417938122	0.0668224660027211	3.53150507133725e-05	0.00225290507716652	0.138910062597994	0.682111269212011	3.53150507236214e-05	3.53150507136085e-05	3.53150507136146e-05	3.53150507136059e-05	0.0801182258000223	3.5315050713633e-05	3.53150507136074e-05	0.00935302934635588	4.309737671216e-05	3.5315051051177e-05	0.0166261500015789
AACACGAGACGCGGCC-1	4.9779117296776e-05	0.102099339585005	4.97791172964622e-05	0.0678270638085509	0.0889317892772072	0.712299480357527	4.97791171891888e-05	4.97791172967818e-05	0.023583654569992	4.97791172967838e-05	0.00414763801475565	4.9779117296779e-05	4.97791172967818e-05	4.97791172967806e-05	4.97791172967806e-05	0.000600411857874126	6.26104735255758e-05
AACACGCGGCCGCGAA-1	4.90096256147792e-05	0.119310463458924	0.00115724776233205	0.0120114063107179	4.90096256147781e-05	0.662978395917733	4.90096256074501e-05	0.00452154307377059	0.114791598126792	4.9009625614774e-05	0.0400913746053784	4.90096256147921e-05	0.0108179579566534	0.0327373699790793	0.00109280501039885	9.28762752399902e-05	0.000151913394914283
AACAGCTGTGTGGCAA-1	5.20177041761973e-05	0.148010929084177	5.20177041762034e-05	0.0347408683841279	0.0176164371774793	0.590693629638118	5.20177052549854e-05	5.2017704176218e-05	0.142994031235223	5.20177041762089e-05	0.0195862993341932	5.20177040131501e-05	5.31593446716819e-05	5.2017704176203e-05	0.0458364864452888	5.20177223964837e-05	5.20177041762041e-05
AACAGGAAATCGAATA-1	0.00149093859610745	0.125268873440434	5.14195894821932e-05	0.0216161166115619	0.00699779629871328	0.680107691362037	5.14195903411883e-05	5.14195894822156e-05	0.0935503662452969	5.14195894821935e-05	0.0237554619848637	5.14195894800373e-05	0.0102451854430968	5.14195894821936e-05	0.0365562132945275	5.14195961298966e-05	5.14195894821926e-05
AACAGGATGGGCCGCG-1	5.07194470441867e-05	0.0793281147969834	5.07194470438815e-05	0.0543503363656424	5.74061042115961e-05	0.675246051616262	5.0719447283401e-05	5.0719447044199e-05	0.0875713737982291	0.0257960845303529	0.0390844842681027	0.0039870850643687	5.07194470441989e-05	0.00011778641393641	5.07194470442002e-05	5.07194394408673e-05	0.0341062409199655
AACAGGTAGTATGGAT-1	5.02916046281873e-05	0.1075436281189	5.02916046282015e-05	0.0452287034491132	5.02916046282153e-05	0.588475119445554	5.02916059250729e-05	5.02916046282053e-05	0.143335614218572	5.0291604628205e-05	0.0352809840483765	5.02916045138329e-05	0.051688776298602	0.00830899024898294	0.0196772289112813	5.02915939465936e-05	5.8622433090386e-05
AACATAGCGTGTATCG-1	0.000112576662197886	0.123743987100426	0.0575636729934456	0.136607017045667	0.100629614037476	0.382667754017075	0.000112576663329115	0.000112576662197896	0.000112576662197895	0.0646798569539103	0.0427629035130178	0.000112576662197865	0.000112576662197895	0.000112576662197895	0.00625528756755324	0.0841892934727153	0.000112576662197896
AACATATCAACTGGTG-1	5.05477213455268e-05	0.114581736946427	5.05477213455077e-05	0.0327857285470739	5.05477213454735e-05	0.611661352419124	5.05477225173118e-05	5.05477213573905e-05	0.140057216776553	5.05477213455279e-05	0.0579706138674465	5.05477213455047e-05	0.00376449595684173	5.05477213455032e-05	0.035498957678822	5.05477061303615e-05	0.00322496832963274
AACATCGATACGTCTA-1	5.08924281070437e-05	0.142503525743001	0.00184175215306085	0.0844280789063905	5.08924281070249e-05	0.635950493572602	5.08924281108092e-05	5.08924280922301e-05	0.095357652654598	5.08924281070442e-05	0.0157327142154199	5.08924281070491e-05	5.53657981779364e-05	0.0015818725082603	0.0221191042586743	5.08924315945553e-05	7.31931895895063e-05
AACATTGAAGTTGATC-1	7.28471141537428e-05	0.0600137342382509	7.28471141537546e-05	0.0434652464828138	0.192164827178294	0.496167559703952	7.28471122630402e-05	0.00727692907454101	7.28471141537504e-05	0.0736649908988774	0.0769297492565263	7.28471141537493e-05	0.0215128425546117	7.284711415375e-05	0.0282213437089399	7.28471060079181e-05	7.28471141537493e-05
AACATTGTGACTCGAG-1	4.82933316613879e-05	0.0917671313505907	0.0488120803967504	0.087425941541201	4.82933316613916e-05	0.613949586458218	4.82933327714409e-05	4.82933316613874e-05	0.0664467409390224	0.0160776095912678	0.0482993394389204	4.82933315038305e-05	0.00586063876764286	0.00526034448074525	0.0156889536198239	4.82933346467543e-05	0.000121873421911483
AACCAAGACTTCTCTG-1	0.000384403076844857	0.0347424085668376	3.5097172051796e-05	0.018928069301608	0.105085618737242	0.697033052295436	3.50971723212736e-05	3.50971720541183e-05	3.50971720541313e-05	0.0151671920220914	0.071130773922801	0.00333768626771317	3.50971720541197e-05	3.50971720541217e-05	3.50971720541205e-05	3.50971729207623e-05	0.0539100184318622
AACCAGTATCACTCTT-1	3.45559446475004e-05	0.115412501705007	0.0326997472280169	0.0449092695772258	0.0205028607706221	0.671717443603327	3.45559434193008e-05	3.45559446475024e-05	0.0670979846344174	3.45559446475104e-05	0.0313105433633064	3.45559446069883e-05	3.55110328677021e-05	3.4555944647502e-05	0.0159124262684893	3.4555933355002e-05	0.000159820216749208
AACCATGGGATCGCTA-1	4.86868860316745e-05	0.0838337388543106	4.86868860316792e-05	0.0363589000209141	4.8686886031685e-05	0.564812388947149	4.86868860477355e-05	0.022399361525428	0.206209467990345	0.00428201149750047	0.0245340280407778	4.86868860316805e-05	0.0263217109571521	4.86868860316783e-05	0.0251196913223361	5.69347048307148e-05	0.00577964482304981
AACCCAGAGACGGAGA-1	4.82937840124773e-05	0.12233946646006	0.00425800088489586	0.0309646131971441	4.82937840125019e-05	0.609193802114563	4.82937851672638e-05	4.82937840124783e-05	0.17603813862444	4.82937840124757e-05	0.00425559065046052	0.00583537364047143	5.06946021049901e-05	0.00502738373182174	0.0416274730119775	4.8293768924824e-05	0.000119700391918783
AACCCATCCCATGATC-1	0.0816598572249465	2.33031687469613e-05	2.33031687467367e-05	0.00688940294915773	0.184097633066454	0.40520367473349	2.33031687431911e-05	2.33031687469503e-05	2.33031687469618e-05	0.126629617305918	2.33031687469614e-05	0.0135444293217469	2.33031687469615e-05	2.33031687469613e-05	2.33031687469636e-05	2.33031688314092e-05	0.181742353710737
AACCCGACAACCCGTG-1	5.10389063864103e-05	0.100022337543472	0.0610748364612468	0.0392737772388882	0.0312261392064916	0.550717670803313	5.1038906392671e-05	5.10389063864135e-05	0.155333405031379	5.10389063864205e-05	0.0106428578091207	5.10389063863103e-05	5.10389063864183e-05	5.10389063864196e-05	0.0511189054644955	0.000166564590063369	6.62335068186578e-05
AACCCGAGCAGAATCG-1	5.05753811353974e-05	0.0451039004577836	5.0575381135395e-05	6.27164729748714e-05	0.173732035910571	0.647514341451626	5.05753823467132e-05	0.0221230775836811	5.0575381135394e-05	0.0353335910833111	0.0439807159800018	0.0110367206709929	5.05753811353908e-05	5.05753811353954e-05	0.0206513168421755	5.05753831262214e-05	0.000107555875732012
AACCCGCTGTATTCCA-1	5.23192869080271e-05	0.147993976717266	5.23192869080338e-05	0.00709245108789575	5.23192869080306e-05	0.571864884415082	5.23192871731757e-05	5.23192869556015e-05	0.122274167600609	5.2319286908034e-05	0.0335745702148843	5.23192869382992e-05	6.78302842184465e-05	5.23192869080373e-05	0.116607774155668	5.23193022078621e-05	5.34719265618021e-05
AACCCTACTGTCAATA-1	7.45301419291456e-05	0.14130925521567	0.0173772541429433	0.0380834582340639	0.0346055623361863	0.595038324272463	7.45301448199965e-05	7.45301419291306e-05	0.00808855401258858	7.45301419291295e-05	0.00360067201285272	7.45301419289837e-05	0.117520847265658	0.00803421564187489	0.0358201458638186	7.45301474153871e-05	7.45301419291289e-05
AACCCTGGTGGAACCA-1	7.0824437856911e-05	0.0902661291824851	7.0824437856917e-05	0.0197088494391421	0.00677962843042025	0.703929839262186	7.08244406151279e-05	0.00199845398267824	0.117649962429058	7.08244378569172e-05	0.0301906566577	7.08244378569169e-05	0.025980384655704	7.08244378569168e-05	0.0029048725811969	7.08244369149707e-05	9.54523126152468e-05
AACCGAGCTTGGTCAT-1	5.42636906724211e-05	0.169165110514055	5.42636906724324e-05	0.0415872128069091	0.0309550008824753	0.558326309022542	5.42636908341633e-05	5.42636906724228e-05	0.10199343540461	5.42636906724318e-05	0.00566138858745652	5.42636908959807e-05	0.00347155491557036	5.42636906724337e-05	0.0883516146365122	5.42637041060826e-05	5.42636906724328e-05
AACCGCTAAGGGATGC-1	7.19613158568853e-05	0.0924482272825818	0.046424466054119	0.141112930406772	0.0379163750916395	0.447457296529668	7.19613178508452e-05	7.19613158568989e-05	0.0758276339114879	7.19613158568947e-05	0.0100309468772245	7.19613157669925e-05	0.0730712575135223	0.002160553225889	0.051970753714663	7.19613060865097e-05	0.0211477915051583
AACCGTTGTGTTTGCT-1	5.09042319412894e-05	0.106632652195883	5.09042319412881e-05	0.042180812395084	0.0194844127694068	0.705766600091279	5.09042331747693e-05	5.09042319412801e-05	0.0863501143466506	5.09042319412885e-05	0.0214601688481252	5.09042319412877e-05	0.00125752918468159	5.09042319412878e-05	0.0164087295979793	5.09042163757584e-05	5.17467297117545e-05
AACCTCGCTTTAGCCC-1	5.09205972070253e-05	0.106361480855119	5.09205972069171e-05	0.121009953332311	0.0444064380963461	0.599655795442734	5.09205979760298e-05	5.09205972046452e-05	0.0356815210424578	5.09205972069175e-05	0.0276011120046087	5.09205972347483e-05	5.1388936866497e-05	5.09205972069211e-05	0.0647543163801822	5.0920610979499e-05	7.06291171526555e-05
AACCTTTAAATACGGT-1	5.07300264081956e-05	0.126515426312803	5.07300264082033e-05	0.029278536182885	0.0164099101648151	0.617733252579951	5.07300256108865e-05	0.00436437463780633	0.107830510437866	5.07300264082007e-05	0.0489661354270421	0.0109772071031069	0.00792757872715391	0.00271930786290632	0.0269241924290869	5.07300179949772e-05	9.99180117468925e-05
AACCTTTACGACGTCT-1	4.90723565398441e-05	0.0843214335701869	4.90723565398445e-05	0.0780493100726378	4.90723565398413e-05	0.584838516157773	0.000979274346812294	4.9072356560065e-05	0.109396660018206	4.90723565398113e-05	0.0911112296040816	4.90723565398435e-05	0.0107190917913732	4.90723565398444e-05	0.0258358055976614	4.90723623061534e-05	0.0143560999831624
AACGATAATGCCGTAG-1	5.03405264670089e-05	0.0943183412754059	5.03405264669667e-05	0.0141138794524073	5.03405264669308e-05	0.715167280109104	0.000417243977995524	5.0340526466968e-05	0.109879609020554	5.03405264669672e-05	0.0484208993859317	5.03405264672483e-05	0.000992722134707619	5.03405264669668e-05	0.0162034571755371	5.03405256100407e-05	8.38432574778338e-05
AACGATAGAAGGGCCG-1	3.49276149084701e-05	0.0888918811155237	3.49276149084627e-05	0.0131691375069533	0.0284506442347611	0.684675463796028	3.49276163850051e-05	3.49276149084593e-05	0.135514141766471	0.00440382020556174	0.0271327117847671	3.49276149084538e-05	0.00564223686900261	0.00397963004617266	6.37439420116119e-05	3.49276428394955e-05	0.00786702301388915
AACGATATGTCAACTG-1	5.56314371235343e-05	0.154846394665678	5.56314371235002e-05	0.0779272704899204	0.071871618455255	0.568589704286686	5.56314384967066e-05	5.56314371234909e-05	0.0361232282146071	5.56314371234984e-05	5.56314371235006e-05	5.56314371235012e-05	0.0244804195324221	0.00796551569953469	0.0576951657067565	5.56314507794949e-05	5.56314371234983e-05
AACGCATGATCTGGGT-1	3.57000039525559e-05	0.183113555006389	0.00806427672468829	0.0530492468445937	0.0155028036378579	0.627789495799706	3.57000039531132e-05	3.57000039525813e-05	0.0690472687420016	3.57000039525853e-05	3.57000039525839e-05	3.57000039516251e-05	4.1671584057157e-05	0.00895421037011421	0.033931048663578	0.000246463062007411	4.57595412913866e-05
AACGCGACCTTGGGCG-1	5.17287130769175e-05	0.180066047332637	0.0375586010424477	0.160182146084589	0.035905933575358	0.501614198744442	5.17287130572759e-05	5.17287130769168e-05	0.0450226943834182	5.17287130769183e-05	0.0173894668776883	5.17287130783996e-05	0.00452785742301541	5.17287130769174e-05	0.0166863710491963	0.000615880367548575	0.000120430841216704
AACGCGGTCTCCAGCC-1	5.0893895563239e-05	0.123146528437316	5.08938955632268e-05	5.91667252135354e-05	0.0695346307487013	0.696369167230532	5.08938967796963e-05	5.08938955598691e-05	0.00952531770953053	5.08938955632289e-05	0.0930442190983127	5.0893895567369e-05	5.08938955632329e-05	0.00730655726209056	0.000550116477627776	5.08939037695724e-05	5.71451367457145e-05
AACGCTGTTGCTGAAA-1	5.05192258599733e-05	0.111484218024762	5.05192258599684e-05	0.0895345721281284	0.0440406930341667	0.497659945833172	5.05192270708017e-05	5.05192258599567e-05	0.0373839261264878	5.05192258599637e-05	0.183373706263646	0.00456061881349423	5.05192258599682e-05	5.05192258599684e-05	0.0296345902475064	5.05192404662359e-05	0.00192357570594043
AACGGACGTACGTATA-1	4.96938022853262e-05	0.122420578476863	4.96938022853279e-05	0.083065225309521	4.96938022853288e-05	0.591771409670785	4.96938034361535e-05	4.96938022853312e-05	0.120508707273029	4.96938022853262e-05	0.0300540359945369	4.9693802411382e-05	7.16449111585604e-05	4.96938022853269e-05	0.0450868131486579	4.96937968546826e-05	0.00657434099903413
AACGGCCATCTCCGGT-1	4.96505391872104e-05	0.102430030899447	4.96505391871968e-05	0.0183493306567697	4.96505391872043e-05	0.723925021605648	4.96505391791549e-05	4.96505391871958e-05	0.100640949541141	4.96505391871913e-05	0.0423170208991746	4.96505391857935e-05	0.00673353725248542	0.00478589509323763	7.12981179173246e-05	0.000298637658829269	0.000100724501048628
AACGTACTGTGGGTAC-1	4.99066991048068e-05	0.0839606541521688	0.00428355192719355	0.112584473859791	0.0385605004855117	0.521506517364467	4.99066991612148e-05	4.99066991048064e-05	0.117922098354394	4.9906699104807e-05	0.0587065198267962	4.99066990154562e-05	0.0490159818782039	0.0100318471883384	5.15937155353663e-05	4.99066802081955e-05	0.00307682107190156
AACGTCAGACTAGTGG-1	5.01267748630006e-05	0.0611064477707021	5.01267748626806e-05	0.0390328050398034	0.0824481451779343	0.747907661619799	5.0126774857578e-05	5.01267748484178e-05	5.01267748629986e-05	0.0204150460121485	0.041455475206319	5.01267748629983e-05	0.00712838498235627	5.01267748630014e-05	5.21122802466247e-05	5.0126734423315e-05	5.29077522466859e-05
AACGTCATCCGGCTTG-1	5.57322361563254e-05	0.185764784704353	0.00228972377609037	0.00503484406258776	0.0742325172299894	0.623366939843541	5.5732236243178e-05	5.57322361563294e-05	0.0370598896224206	5.57322361563292e-05	0.00351657344228048	5.57322361838356e-05	0.00743275484393102	5.57322361563239e-05	0.0608524201481331	5.57322478879472e-05	5.94266617328162e-05
AACGTGATGAAGGACA-1	7.24477760835609e-05	0.0779446916585809	0.0419490951036313	0.152706706045089	7.2447776083547e-05	0.455999862384089	7.24477760791478e-05	7.24477760835572e-05	0.0818961063997241	7.24477760835513e-05	0.153268734033608	7.24477760835569e-05	7.24477760835594e-05	7.24477760835576e-05	0.0300515944464336	7.24477836220222e-05	0.00553117993655767
AACGTGCGAAAGTCTC-1	5.38957681076659e-05	0.150722107383265	5.38957681076652e-05	0.0159710524632501	5.38957681076657e-05	0.641289610377086	5.38957671870242e-05	5.38957681076653e-05	0.0955536370972343	0.0189912331210596	0.0297229346662158	5.38957681076618e-05	0.00735497676513201	0.00235433383832902	0.0376089481367106	5.38957758846506e-05	5.38957681076707e-05
AACTACCCGTTTGTCA-1	7.33954341070788e-05	0.132081390663435	0.00295577580420858	0.0557906680248849	0.0621565519831946	0.404892226640314	7.33954369345361e-05	7.33954341070753e-05	0.0327306596975164	0.00594835652431335	7.3395434107072e-05	0.00479870305641915	0.231504138632937	7.33954341070716e-05	0.037316120712397	7.33954289482513e-05	0.0293850356580692
AACTAGCGTATCGCAC-1	4.73328762935981e-05	0.0853001928701851	0.0149446378575735	0.0194335809644545	4.73328762935996e-05	0.768424127405096	4.7332876578885e-05	4.73328762936053e-05	0.0929214315774374	4.73328762936048e-05	0.00942087741867679	4.73328762937163e-05	0.000381888407462532	4.73328762936052e-05	0.00852827732466299	4.73328519529472e-05	0.000266323188157345
AACTAGGCTTGGGTGT-1	4.86353484392574e-05	0.134269270109879	0.0316078250338128	0.0994880427974362	4.86353484392603e-05	0.538170266176354	4.86353484341402e-05	4.86353484392612e-05	0.134026641779079	4.863534843926e-05	0.0320991404885935	0.00744817147026223	5.56130032216752e-05	4.86353484392615e-05	0.0222899676631844	0.000176998718943955	7.62506686032813e-05
AACTCAAGTTAATTGC-1	0.181650848453124	5.12229240073955e-05	5.12229240072976e-05	0.00541095712737903	0.028479826843051	0.514153218639989	5.12229228023263e-05	5.12229240073946e-05	5.12229240073823e-05	0.078072302560357	0.0225328648196891	5.12229240071085e-05	5.12229240073928e-05	5.12229240073954e-05	5.12229240073941e-05	5.12229263931259e-05	0.169187752315156
AACTCCAGAGCGTGTT-1	5.10670215260461e-05	0.0622441936824422	5.10670215260738e-05	0.0263792789425725	0.033517733156197	0.751112977647167	5.1067021454441e-05	5.1067021526081e-05	0.0478750643272552	5.10670215260583e-05	0.0143718323419711	5.10670216144614e-05	5.10670215260747e-05	5.10670215260737e-05	0.0638966073552941	5.10670308917504e-05	0.000142709343984119
AACTCCTAATCCCATG-1	4.86278220662908e-05	0.107667862842322	4.86278220663092e-05	0.0369457624113027	4.8627822066307e-05	0.752669612383079	4.86278212324192e-05	4.862782194377e-05	0.0870779430460334	4.86278220663109e-05	4.86278220663124e-05	4.86278220663094e-05	0.0149789969886766	4.86278220663175e-05	8.80052669353538e-05	4.86278233652113e-05	8.55388406455644e-05
AACTCGATGGCGCAGT-1	4.73732145053626e-05	0.0405641439178129	4.73732145053625e-05	0.169845465563786	4.73732145053581e-05	0.279168546686943	0.000714734739200893	4.73732145053584e-05	0.154656175160246	4.73732145053611e-05	0.309076565396381	4.73732145053616e-05	0.00633890889879105	4.7373214505363e-05	0.014877476258002	6.11835105967657e-05	0.0243651873667025
AACTCTCAATAGAGCG-1	5.12733022367803e-05	0.207792545685249	5.12733022367851e-05	0.000119623089374991	5.12733022367734e-05	0.604035066331159	5.1273303252144e-05	5.12733022367839e-05	0.10446366550812	5.1273302236786e-05	0.0355979755581962	5.12733021063571e-05	0.00672622215249931	0.000661822690734901	0.0401416192685268	5.12732973610687e-05	5.12733022367865e-05
AACTCTCAGTGTGCTC-1	4.90728535342533e-05	0.121649734615268	0.0308386339589495	0.0406636271269211	4.90728535342483e-05	0.673551392230729	4.90728537427955e-05	4.90728535342444e-05	0.0647129873376542	4.90728535342511e-05	0.00812777983040062	4.90728539799234e-05	5.8767334101419e-05	4.90728535342531e-05	0.0598969414339106	4.90728605594781e-05	0.000107553296112092
AACTGAGGTCAGCGTC-1	4.76885800583901e-05	0.109296454045664	0.000907881914339335	0.0140431445743701	0.0587997385072738	0.555708188318134	4.76885812490494e-05	0.00762254393332536	0.0136933598444086	4.7688580058389e-05	0.0222419708519973	4.76885800583892e-05	0.17102623718958	4.76885800583906e-05	5.47591856965033e-05	4.76885666003108e-05	0.0463195901671283
AACTGATATTAGGCCT-1	5.09839413315404e-05	0.126386544658803	5.09839413312427e-05	0.0175445742247768	5.09839413315422e-05	0.706098119811276	5.09839369943564e-05	5.09839413315426e-05	0.07699682644447	5.09839413315427e-05	0.0245509211232401	5.09839412425105e-05	5.42674685775947e-05	5.09839413315426e-05	0.0478588675214859	5.09839296652903e-05	5.10232914793447e-05
AACTGGGTCCCGACGT-1	7.45134641804484e-05	0.13941717603109	7.45134641804516e-05	0.128592814998225	0.0130627802127318	0.434483540086378	0.000562837409135816	7.45134641766354e-05	0.0462999146433173	0.0211588058282578	0.158744530704283	7.45134641804632e-05	0.00567189537396665	0.00318670161251347	0.0483719223137054	7.45134654969507e-05	7.45134641804517e-05
