Bcell	astrocyte	dendriticcell	endothelialcell	macrophage	malignantcell	mastcell	matureTcell	microglialcell	monocyte	muralcell	naturalkillercell	neuron	oligodendrocyte	oligodendrocyteprecursorcell	plasmacell	radialglialcell
AAACAGAGCGACTCCT-1	8.47646669060039e-05	8.4764666906009e-05	8.47646669060015e-05	8.4764666906007e-05	0.0685700816427209	0.711951929699515	0.0055011225279002	8.47646669060101e-05	8.47646669060079e-05	8.47646669060046e-05	8.47646669060073e-05	8.47646669060069e-05	0.000100391269176561	0.0656517906206025	0.0959513150087536	8.47646668314028e-05	0.0514257225623455
AAACATTTCCCGGATT-1	7.86529952288784e-05	7.86529952288787e-05	7.86529952288783e-05	0.0240468082438399	7.86529952288745e-05	0.585187019887585	0.00413452236657002	7.86529952289048e-05	0.0388544822030178	7.86529952288765e-05	0.0418073137896021	7.86529952602654e-05	0.0242915522231694	0.0819036944686376	0.12314999958633	7.86529956634428e-05	0.0759953832689515
AAACCGGGTAGGTACC-1	5.35884027449486e-05	0.0692396260738244	5.35884027449479e-05	0.0222798411904828	0.0458466757950879	0.726385093091727	5.35883995402306e-05	5.35884027449484e-05	0.00672080344759928	0.0199332862932688	0.0221474331239055	5.35884027449479e-05	5.35884027449481e-05	0.0228417278985201	0.0641520822824456	5.35884028015627e-05	7.83119870721744e-05
AAACCGTTCGTCCAGG-1	0.00595873048194553	0.0264775400188324	0.0217905958501803	5.02691099327586e-05	5.02691099327735e-05	0.876762132479304	5.02691090613381e-05	5.02691099327606e-05	5.02691099325013e-05	0.0128408165978878	0.0279367182905891	5.02691099327547e-05	0.00338336181741742	0.0243424396318015	5.02691099327591e-05	5.02691099657089e-05	0.000105511953418393
AAACCTAAGCAGCCGG-1	3.58874221892818e-05	0.00912683847770531	0.00561718796318596	3.5887422189279e-05	3.58874221893005e-05	0.745254823271305	3.58874212739134e-05	3.58874221892775e-05	0.0271254794857338	3.58874221892819e-05	0.00569336191011276	3.58874221892812e-05	0.00200443068250968	0.0389433454526776	0.104196661655204	3.58874220146228e-05	0.0617507717251417
AAACGAAGAACATACC-1	3.72707070941145e-05	0.00802143040032061	3.72707070941275e-05	0.0132723384852243	3.72707070944137e-05	0.839915984364971	3.72707030164058e-05	8.03674555229554e-05	3.72707072883201e-05	0.0663122376121807	3.7522789503468e-05	8.15987635407693e-05	0.00599162525664699	0.0187469409267967	0.0472727857554092	3.72707067952906e-05	4.35439515002621e-05
AAACGAGACGGTTGAT-1	5.02064515410932e-05	5.02064515410923e-05	0.00730728741053449	5.02064515410908e-05	5.02064515407167e-05	0.927458023043844	5.02064504202029e-05	5.02064515410882e-05	5.02064515439805e-05	5.02064515410872e-05	0.00415818938719427	5.02064515410848e-05	0.019714080124382	0.0074879561701099	5.02064515410899e-05	5.02064515400746e-05	0.0333221928981031
AAACGGGCGTACGGGT-1	7.64894693118077e-05	7.71357841797689e-05	7.64894693118102e-05	7.64894693118055e-05	7.64894693118049e-05	0.610454357095367	7.64894685894202e-05	7.64894693118056e-05	0.0705536443851202	7.64894693118007e-05	0.00467197427093235	7.64894693118119e-05	7.81741059067671e-05	0.098892543175906	0.135140048948244	7.64894701629854e-05	0.0794437170104097
AAACGGTTGCGAACTG-1	5.15480762365405e-05	5.96143814367045e-05	5.1548076236537e-05	5.15480762365372e-05	5.15480762362185e-05	0.814377332754988	5.15480709579806e-05	5.15480762365363e-05	0.0103903590161239	0.0059516637115138	0.0312342627528745	5.15480762365357e-05	0.0100813239132176	0.0386516894474261	0.0887785263955407	5.15480754090279e-05	6.2843023092954e-05
AAACTCGGTTCGCAAT-1	0.00726183547136155	0.0284293920149502	7.39059408648764e-05	0.0182724466963948	7.3905940864874e-05	0.750634401636251	7.39059419472241e-05	7.3905940864876e-05	0.0227738128546794	7.39059408648736e-05	0.03590391793862	7.39059408649012e-05	0.00647037946065247	0.0222199599737562	0.107381493020447	7.39059413385714e-05	0.000135019345277896
AAACTGCTGGCTCCAA-1	0.0400278947545155	0.00511174248951763	7.27564309558066e-05	0.00705018921855679	0.00393021315266621	0.788179173419146	7.27564306052354e-05	7.27564309558075e-05	7.27564309558101e-05	0.106579642853715	0.0447964004432137	7.27564309557908e-05	0.00364407273671864	7.27564309558069e-05	7.27564309558071e-05	7.27564290017481e-05	9.86194866093935e-05
AAAGGCTACGGACCAT-1	7.92566224435715e-05	0.0460732073056761	7.92566224435726e-05	8.83095892203652e-05	7.92566224435708e-05	0.648230701657793	7.92566246646907e-05	7.9256622443558e-05	0.0340971316922838	7.92566224435705e-05	0.0958418161861209	7.92566224435708e-05	8.26901509982212e-05	0.0602358084099504	0.11463702540447	7.92566217176188e-05	7.92566224435706e-05
AAAGGCTCTCGCGCCG-1	6.86852728954202e-05	5.13293463563779e-05	3.64845569504598e-05	0.0278601932336734	3.64845569504612e-05	0.816055282502664	3.64845522041334e-05	3.64845569504599e-05	0.0264063400385803	0.0306920203623741	3.64845569504603e-05	0.0530565017490626	3.64845569504594e-05	0.00885968714500865	0.0295156112266356	3.64845567906347e-05	0.00717895722900203
AAAGGGATGTAGCAAG-1	5.01268576679286e-05	0.00669886594634117	5.01268576679269e-05	5.01268576679264e-05	5.01268576679196e-05	0.890573637411788	5.01268575627158e-05	5.01268576679257e-05	0.0083161245720395	0.00591703687000809	0.0318217793132296	5.01268578326997e-05	5.01268576679263e-05	0.0327119886796197	0.0233355064047389	5.01268575192395e-05	0.00017391908331249
AAAGTAGCATTGCTCA-1	3.53860277803669e-05	0.0153917763162823	0.0173027494525073	0.0121492869091169	3.53860277803729e-05	0.859851896488661	3.53860281155149e-05	0.00284032448545446	3.5386027781291e-05	3.53860277803697e-05	0.0584074511850106	3.53860277803697e-05	3.53860277803697e-05	3.53860277803702e-05	0.0203218448364958	3.53860276445874e-05	0.0134161960762475
AAAGTGTGATTTATCT-1	0.0293961268958425	0.00820562755943605	0.0188895751662167	0.00745040920383934	5.11635195707043e-05	0.784703304460327	5.11635179515809e-05	5.11635195707042e-05	0.0390420108688725	5.11635195707046e-05	0.0110608941640455	5.11635195707092e-05	0.00488348770647799	0.0390477163285239	0.056839607718005	5.1163518442394e-05	0.000174258813736884
AAAGTTGACTCCCGTA-1	0.0193422051618406	0.00366749259918495	0.00369753392800277	4.9797959479038e-05	4.97979594787283e-05	0.766760876228803	4.97979584098937e-05	4.97979594790443e-05	0.00725961990136713	4.97979594790429e-05	0.00287162843216374	4.97979594790436e-05	0.0112410342575185	0.0463179283773461	0.0440402949195747	4.97979594947516e-05	0.094452800478899
AAATAACCATACGGGA-1	5.37609787156553e-05	5.79981874715416e-05	5.37609787156649e-05	5.37609787156634e-05	5.37609787153412e-05	0.784104578096165	5.3760982769325e-05	5.37609787156648e-05	5.37609787173183e-05	5.37609787156567e-05	0.0268961072149529	5.37609787414691e-05	5.92436000996697e-05	0.0958468465768867	0.0924259552370186	5.37609778662729e-05	7.16612970177081e-05
AAATACCTATAAGCAT-1	0.00097969601661237	0.0053638492940036	5.34162000761214e-05	0.0135234422027513	5.34162000761218e-05	0.850432804921377	5.34161998984609e-05	5.3416200076113e-05	5.34162000757469e-05	0.0108730314336038	0.0252134806850639	5.34162000761015e-05	0.00256904889718443	0.0409740933015886	0.0495912683301432	5.341620014203e-05	0.000105371517251283
AAATAGGGTGCTATTG-1	7.82090367931556e-05	8.39028502772274e-05	7.82090367931553e-05	0.00272940002925954	0.00350602233530416	0.667939655172028	7.82090355394646e-05	0.00672156351051569	0.0142215800139205	7.82090367931573e-05	0.0369158223321963	7.8209036793155e-05	0.0229309251471587	0.0683295894603059	0.0895679671200895	7.82090372756813e-05	0.0865843178089568
AAATCCGATACACGCC-1	5.02223291823225e-05	0.000449173470539699	5.02223291823224e-05	0.00389781505298957	0.00965633418184077	0.707793755579401	5.02223290362213e-05	5.0222329182325e-05	0.0550636204453024	0.00136103116621276	0.0127884288017953	5.02223290612626e-05	0.00563445363507821	0.0339307986954985	0.119458567382064	5.02223270462354e-05	0.0496646876165863
AAATCGTGTACCACAA-1	5.25102712180196e-05	0.0268153340535435	5.25102712179987e-05	0.000781318779536623	5.25102712180194e-05	0.901795223136525	5.25102718002179e-05	5.25102712180195e-05	5.2510271218019e-05	0.0104194130674055	0.0265757862896984	5.25102713032781e-05	0.0178104216254028	5.25102712180198e-05	0.015275010938625	5.25102720884179e-05	5.4899666763042e-05
AAATCTAGCCCTGCTA-1	4.911228881682e-05	4.91122888168148e-05	0.0300508295261818	0.00385863716702964	4.91122888168155e-05	0.412377018986048	0.000229872078781967	4.911228881682e-05	0.0162451367973165	4.91122888168172e-05	0.333076766130467	4.91122888168138e-05	0.000979409264121259	0.0526572431981713	0.0692433849670371	4.91122888683672e-05	0.0809379158630771
AAATGACTGATCAAAC-1	7.73804627848739e-05	0.0614358317444846	7.7380462784866e-05	0.0127994933442141	7.73804627848654e-05	0.647171630567583	7.73804671050628e-05	7.73804627848665e-05	0.103472996011679	0.0294481728556142	0.012111955346601	0.0106883550552606	0.00147841744383931	0.0305915215797508	0.0902509548029635	7.73804632518724e-05	8.63884665133559e-05
AAATGGCATGTCTTGT-1	0.0696076181633333	7.48402622476136e-05	0.0149214981293087	7.48402622476146e-05	0.0108047755575222	0.849033709055006	7.48402599384714e-05	0.00644950031835458	7.48402622471478e-05	0.0139203586454579	7.4840262247613e-05	7.48402622476128e-05	7.48402622476131e-05	0.000985913308740803	0.00131007317586705	7.48402621007713e-05	0.0323678315508852
AAATGGTCAATGTGCC-1	5.34305613862891e-05	0.000100440805801961	5.34305613863149e-05	0.0186462672987836	0.00190362353239275	0.781785554430072	5.34305586090848e-05	0.0337189649171569	5.34305613862976e-05	0.0231862164500154	0.041928313523891	5.34305613862918e-05	5.3430561386316e-05	0.0350203796441556	5.50801593148069e-05	5.34305617134495e-05	0.0632811453111624
AAATTAACGGGTAGCT-1	3.37326453759944e-05	0.0132008955996015	3.37326453867579e-05	0.0023782801419099	0.00852571398846261	0.865804781499338	3.37326481316755e-05	3.37326453759939e-05	3.37326453759956e-05	3.37326453716722e-05	0.0389895167307494	3.37326453884641e-05	0.0271183042153003	0.00211322640613145	3.37326453760183e-05	3.37326446463588e-05	0.0415656876080778
AAATTACACGACTCTG-1	5.29208355593894e-05	5.29208355593864e-05	5.29208355590853e-05	5.29208355593894e-05	5.29208355598746e-05	0.854416929935422	5.29208383598672e-05	5.29208355593863e-05	5.29208355604693e-05	5.29208355598363e-05	5.29208355593892e-05	5.29208355593816e-05	5.61891983066946e-05	0.0234963992099682	0.0907812222185099	5.29208355991295e-05	0.0306142094082389
AAATTGATAGTCCTTT-1	0.182247957209555	0.00993329985712607	5.29614629014374e-05	5.2961462901466e-05	5.29614629015418e-05	0.731786746261314	5.29614603383936e-05	5.29614629014662e-05	0.000101428631622501	0.0172113307090515	0.0130978844153803	5.29614629065502e-05	0.00480557571315856	5.2961462901464e-05	0.00464251447001434	5.29614629442832e-05	0.0357495710320812
AAATTTACCGAAATCC-1	0.14247916399244	7.71631871547971e-05	7.71631871547882e-05	0.00976695406004849	7.71631871545226e-05	0.813556912407765	7.71631909245899e-05	7.71631871547963e-05	7.71631871537531e-05	0.00391152844692353	0.0162612497934056	7.71631871547957e-05	0.00702996136441858	7.71631871636473e-05	7.71631871547954e-05	7.716318718401e-05	0.00622259805964399
AAATTTGCGGGTGTGG-1	7.32013440362992e-05	0.0478710272789683	7.32013440362952e-05	0.015671147522665	7.32013440358111e-05	0.802575438852693	7.3201342419635e-05	7.32013440362966e-05	0.00474257342239406	0.000624888167198435	0.00244405480141097	7.32013440362876e-05	8.05620226965275e-05	0.0211475506225107	0.104257146558625	7.32013442005919e-05	7.32013440363061e-05
AACAACTGGTAGTTGC-1	0.0501733293818215	4.96019245793334e-05	4.96019245793282e-05	4.9601924579335e-05	4.96019245793372e-05	0.826885643029984	4.96019260934388e-05	4.96019245793785e-05	4.96019245793349e-05	0.0355686881387513	0.0235205829420171	4.96019245793367e-05	4.96019245793346e-05	0.0118142763467014	4.96019245793311e-05	4.96019245797057e-05	0.0514918589888378
AACAATACATTGTCGA-1	0.096554585910092	0.0942309331216203	5.28644351306904e-05	5.28644351306994e-05	5.28644351306748e-05	0.599938946539539	0.00513655092423713	5.28644351307019e-05	0.0148369295572694	0.00539644777951691	0.0545081296147542	5.28644352121389e-05	0.0432908818472014	0.0218453630972629	0.00753595743374434	5.28644354790244e-05	0.0564080875635483
AACACACGCTCGCCGC-1	5.55306320754955e-05	6.21038769384258e-05	5.55306320755417e-05	5.55306320755017e-05	0.0174217571587149	0.591030850425753	5.55306321769448e-05	0.0307656299644288	5.55306320755099e-05	5.55306320755087e-05	0.22309174529864	5.55306320755494e-05	0.00992349885532212	0.0241060888320101	0.0903916182135133	5.55306325041525e-05	0.0127624623175454
AACACGACTGTACTGA-1	3.41334080153193e-05	0.0829271994484234	3.41334079236956e-05	3.73243727367639e-05	3.413340801485e-05	0.738164428779407	3.41334075081925e-05	8.88040592836033e-05	3.41334080153204e-05	3.41334080153275e-05	0.0339550483570612	3.41334078077338e-05	0.0686723857212961	3.4133408015319e-05	0.0757572878105225	3.41334078714826e-05	9.03207800818212e-05
AACAGCTGTGTGGCAA-1	0.00159933607050695	2.62734801869089e-05	2.25984510547326e-05	2.25984496942612e-05	2.25984509308566e-05	0.904864337091532	2.25984513300158e-05	2.25984509309683e-05	0.0364786664700718	2.25984509308685e-05	5.0480955167043e-05	2.25984510297429e-05	0.0138664261775466	2.70841235933084e-05	0.0428840095738624	2.25984507006964e-05	2.2598450930878e-05
AACAGGAAATCGAATA-1	5.2707432249834e-05	5.27074322498252e-05	5.27074322498247e-05	0.00494743154440275	5.2707432249465e-05	0.883718786543588	5.2707432852283e-05	0.0153594975781587	0.0130109408465824	0.0394713328436804	0.00401127511561874	5.27074322498259e-05	0.0261948365965646	0.0101464914348802	6.84281134738775e-05	5.27074323296965e-05	0.00270202735661939
AACAGGATGGGCCGCG-1	0.0194995809730616	0.0322992507567783	5.25905939424742e-05	0.00404983251389342	0.0113818731303498	0.858552893654289	5.25905938956044e-05	5.25905939424732e-05	5.25905939425524e-05	5.25905939424765e-05	0.0406853767165399	5.25905939424758e-05	0.00348041926591187	5.25905939457767e-05	0.0294354317938699	5.25905933118323e-05	0.000194616444440265
AACATAGCGTGTATCG-1	5.03028443891711e-05	0.0058657612178832	5.03028443891666e-05	5.03028443891662e-05	5.03028443891747e-05	0.690308474009309	5.03028455529496e-05	5.03028443891689e-05	0.154354646091719	5.03028443891642e-05	0.0245366425678427	5.03028443891886e-05	5.0302844389159e-05	0.00616162267138648	0.118141298632457	5.03028433016736e-05	0.000128526365434556
AACATTGTGACTCGAG-1	7.65704562110306e-05	0.0493432575149833	7.65704562110439e-05	0.0128002724506455	0.0100753449944139	0.728964391118625	7.6570456167702e-05	7.65704562110364e-05	0.00785467495185533	0.00851984538255436	0.0307274776118983	7.65704562110335e-05	9.59747783917969e-05	0.0632038662586849	0.0878789017445764	7.65704561483007e-05	7.65704562110365e-05
AACCAGTATCACTCTT-1	0.0921784607570341	5.27807397070693e-05	5.27807397070683e-05	0.00354253744959962	5.27807397070658e-05	0.812575472167586	5.27807388834548e-05	5.2780739707072e-05	5.27807397053892e-05	0.00201997990094382	0.0336586278323143	5.27807397071593e-05	5.27807397070681e-05	5.27807397070683e-05	5.27807397070676e-05	5.27807396810498e-05	0.055444333756596
AACCCAGAGACGGAGA-1	0.0467502998532253	0.0506238719055454	0.0376759762080377	5.60702831974508e-05	5.60702831974753e-05	0.786006858592443	5.6070283387121e-05	7.39072905340657e-05	5.6070283197157e-05	0.0484271382232269	0.00832303752400066	5.60702831725166e-05	0.00546276726517804	5.6070283197464e-05	5.60702831974653e-05	5.60702831978179e-05	0.0162075808720641
AACCCGACAACCCGTG-1	7.1132612753427e-05	0.022261016693096	0.020420056392341	0.0126212681994443	0.0719894570247126	0.688760169224562	7.11326125528861e-05	0.00490681937288486	7.11326127534119e-05	0.113085347145657	0.0524799977869445	7.11326127534238e-05	7.75398738078185e-05	7.11326127534236e-05	0.012874301258656	7.11326143186395e-05	9.72313500094247e-05
AACCCGCTGTATTCCA-1	5.53402180637387e-05	0.0192683323349889	5.53402180637517e-05	0.121867842191573	0.0261509149786379	0.552853655770069	5.53402164782331e-05	5.5340218063748e-05	0.0535494514674998	5.53402180637535e-05	0.0636252112255676	5.53402180637247e-05	0.0131145908424671	0.0174669171512559	0.131630849144657	5.53402181237677e-05	8.48533683627451e-05
AACCCTACTGTCAATA-1	7.9841317436903e-05	7.98413174368716e-05	7.98413174370853e-05	0.00259314281969129	7.9841317436875e-05	0.562881096795101	7.98413171033769e-05	7.98413174368759e-05	0.0117054638410498	0.00308393414655487	0.00917931530795258	7.98413174264677e-05	0.00970009284483496	0.132540435202562	0.153089966903676	7.98413170939291e-05	0.114587821599769
AACCCTGGTGGAACCA-1	5.74757376636306e-05	0.00591969621986419	5.74757376636226e-05	5.74757376636274e-05	0.00963470394585293	0.790026539774699	5.74757368946922e-05	8.24793796871332e-05	5.74757376636251e-05	0.0544223914622824	0.01837986145236	5.74757376636259e-05	5.7475737663617e-05	0.0537586000015245	0.0672584461257239	5.74757374657348e-05	5.74757376636241e-05
AACCGAGCTTGGTCAT-1	3.57799324597455e-05	4.97845478348967e-05	3.57799324597491e-05	0.0107118715192838	0.0255210149739556	0.910811704123564	3.57799342386565e-05	0.0111701188202536	3.57799324589697e-05	0.00405336291457446	0.00877788244109544	3.57799324597322e-05	6.06468663197654e-05	0.0166237003835802	4.6347720909724e-05	3.57799322501516e-05	0.0119588860923017
AACCGCTAAGGGATGC-1	5.54909120054458e-05	6.14184509301123e-05	0.0125783547754952	5.54909120054362e-05	5.54909120054324e-05	0.713357859588465	5.54909098514035e-05	5.54909120054333e-05	0.00159776685635251	5.54909120054365e-05	5.5490912005436e-05	5.54909120288177e-05	9.16706103317722e-05	0.0692222015997219	0.191747565700676	5.54909118524114e-05	0.0108437442122621
AACCGTTGTGTTTGCT-1	5.330912596092e-05	0.0685573002792854	5.33091259609515e-05	5.3309125960921e-05	5.33091259609745e-05	0.683267768234094	5.33091270614257e-05	5.33091259609208e-05	5.33091259609228e-05	0.0921577476392014	5.33091259608632e-05	0.0180543857866902	0.0491526267503069	0.0434314608300221	0.0116892719047273	5.33091268713904e-05	0.0332096564400136
AACCTAAAGCCGTCCG-1	8.59079577609097e-05	8.59079579943893e-05	0.000615141036697439	0.0090499222829536	8.5907957763086e-05	0.779053000329223	8.59079590477208e-05	8.59079578195264e-05	0.021034446949274	8.59079577608614e-05	8.59079577611828e-05	8.59079580408214e-05	9.73990932813229e-05	0.0291924905527803	0.160081559339151	8.59079576896905e-05	0.000102868795000528
AACCTCGCTTTAGCCC-1	7.34915756780475e-05	0.00425933951678769	7.34915756780464e-05	0.00362844509667211	7.34915756780452e-05	0.613885457670998	7.34915757591033e-05	7.34915756779958e-05	0.0953740579030016	7.34915756780473e-05	7.34915756780473e-05	7.34915756780502e-05	7.54874361745543e-05	0.052595159868078	0.10835063669898	7.34915756624906e-05	0.12116999162814
AACCTTTAAATACGGT-1	0.0125224357884242	0.0021550041948949	0.0124900754707683	0.0179185353390334	0.00657295492863859	0.807958354074226	5.17071912075953e-05	5.17071910000553e-05	5.17071909997018e-05	0.000762927705950545	0.0183720726218069	5.17071910000355e-05	0.0616883985996654	0.0107176943730398	5.74451618329098e-05	5.17071910809309e-05	0.0485255657864307
AACGATAATGCCGTAG-1	5.20956662459557e-05	5.20956662459562e-05	0.00860764728045602	0.0186927072321156	5.20956662459533e-05	0.742551917323964	5.20956653243223e-05	5.20956662459522e-05	0.0207470134762661	5.20956662459546e-05	5.20956662459559e-05	5.20956661002515e-05	0.0221231757141596	0.0360094039886468	0.0590415039666991	5.20956662654067e-05	0.0917577700225268
AACGATAGAAGGGCCG-1	5.11286529229533e-05	6.48553054525404e-05	5.11286529229564e-05	5.11286529229726e-05	5.11286529229415e-05	0.779940178020864	0.0877600779886865	5.11286529229697e-05	0.00202043785318343	0.0634007457215943	5.11286529229712e-05	5.11286528516939e-05	5.11286529229748e-05	0.0438908221872634	0.0222323664013226	5.11286531073776e-05	0.000230358645213731
AACGATATGTCAACTG-1	7.3532856390782e-05	0.0183205027228052	0.00675051379663861	0.00931865345497298	7.35328563907807e-05	0.807893802370011	7.35328571726188e-05	7.35328563907841e-05	7.35328563739221e-05	0.00328469452389172	0.0247993250926346	0.00251891208786288	0.00554038876960012	0.0231818537651226	0.0977947418169681	7.35328567976547e-05	0.000155414459975044
AACGCGACCTTGGGCG-1	5.01167646280776e-05	0.010806029553956	5.01167646280707e-05	5.0116764628071e-05	0.0466893697831723	0.762165071409023	5.01167660074007e-05	5.01167646280702e-05	0.000182851981208133	5.0116764628071e-05	0.0175964331239941	5.0116764628079e-05	5.01167646280714e-05	0.096562096837989	0.0581248511172638	5.01167635075312e-05	0.00742224531148244
AACGCGGTCTCCAGCC-1	5.51080970286872e-05	5.51080970286745e-05	5.51080970286998e-05	5.51080970286742e-05	5.51080970287076e-05	0.798024834443168	5.51080996673124e-05	5.51080970286683e-05	0.00333783451781367	5.51080970286725e-05	0.0304089393199369	0.00274241301581811	0.0481261775345003	0.0667534319272648	0.0271645719067726	5.51080971084175e-05	0.0229458244587495
AACGCTGTTGCTGAAA-1	5.33145702951663e-05	5.33145702951613e-05	5.33145702951749e-05	5.33145702951634e-05	5.33145702951679e-05	0.699437688258267	0.0158680769110866	5.33145702951761e-05	0.0352270957076143	0.0103857155096664	0.117145427273637	5.33145702951635e-05	0.00934609734019565	0.0510817138145611	0.0446204184651764	5.33145709602617e-05	0.0164612501567692
AACGGACGTACGTATA-1	2.73102895737966e-05	2.73102895737991e-05	2.73102895737968e-05	0.00877337456985173	2.73102895737955e-05	0.113740843951925	0.0133783575674521	0.0134496696617596	2.73102895722812e-05	2.73102895737972e-05	0.792017893109507	2.7310289573794e-05	0.00180391740476283	2.73102895737971e-05	0.0565339869618112	2.73102892326215e-05	5.61641671088779e-05
AACGGCCATCTCCGGT-1	7.1910562902857e-05	7.19105629028608e-05	0.0053700921015211	0.00274017191701833	0.0218653963354136	0.90692882837665	0.00113129144497684	7.19105629028613e-05	7.191056290221e-05	0.0202250451172958	0.021125267287568	7.1910562902861e-05	0.00155991615599438	7.19105629028611e-05	0.0184755074252106	7.19105628011145e-05	7.51098981335654e-05
AACGTACTGTGGGTAC-1	5.0217970632608e-05	0.00356666129946153	5.02179706326075e-05	0.0105482527560902	5.02179706326163e-05	0.88321436856615	5.0217970048838e-05	5.02179706326044e-05	5.02179706322964e-05	0.0315470843952732	0.0481615016906392	5.02179704985899e-05	5.02179706326072e-05	0.01623422830051	0.00621774204272132	5.021796988576e-05	5.81992149261031e-05
AACGTCAGACTAGTGG-1	0.000107261179106617	0.009329873448932	0.107266867073521	0.0595969597440771	0.0306716466173192	0.279714777294105	0.0001072611752016	0.0180967756140684	0.000107261179106608	0.178120336353698	0.206745755791989	0.0148814947085649	0.00010726117910661	0.00813076259586201	0.000898828312277078	0.000107261177721973	0.0860096165553421
AACGTCATCCGGCTTG-1	0.0343984262809051	0.02841631044556	5.34769528657189e-05	0.0166934415973485	0.0507668913395381	0.720110008958019	5.34769513973278e-05	5.34769528657173e-05	0.0331859397938565	5.34769528657172e-05	0.0425078398111502	5.34769528657147e-05	5.34769528657162e-05	0.036948252578206	0.00970163858584952	5.34769529108033e-05	0.0268969119409308
AACGTGATGAAGGACA-1	0.12518565343564	5.17056852773714e-05	5.17056852773772e-05	5.17056852773664e-05	0.00392389612746428	0.774833462637566	5.17056858799579e-05	5.17056852773666e-05	5.1705685277369e-05	0.0412271203407417	0.00453430146600332	5.17056852776081e-05	0.00243615697253512	5.17056852744077e-05	5.17056852773647e-05	5.17056840628922e-05	0.0473423521678899
AACGTGCGAAAGTCTC-1	3.69258749670847e-05	0.00656970262446869	3.69258749671056e-05	0.0187048369103315	3.69258749670717e-05	0.848063292156202	3.69258753374481e-05	3.69258749671526e-05	3.69258749670821e-05	0.017557981146169	0.000252834379250198	3.69258749047746e-05	4.4647813931724e-05	0.0106223245101694	0.0296588555203035	3.6925874454929e-05	0.0682301179396417
AACTAGGCTTGGGTGT-1	0.00413319910947858	7.60265912607924e-05	7.602659126192e-05	0.00368568047192811	7.60265912607909e-05	0.921026063585623	7.60265904534879e-05	0.0176685449724787	7.60265912522778e-05	0.0248364504945739	0.011351809617176	0.0107235496830941	0.00510567298922038	0.000776222110857091	7.60265912607929e-05	7.60265910980228e-05	0.000160620827721864
AACTCAAGTTAATTGC-1	7.85304387601278e-05	7.85304387601279e-05	7.8530438760128e-05	0.00846534786975668	7.85304387631007e-05	0.899791765990511	7.85304399201732e-05	0.0112675142093885	7.85304387456045e-05	0.0372984788220709	0.0422345278415108	7.85304387601195e-05	7.85304387601276e-05	7.85304387601278e-05	7.85304387601278e-05	7.85304392524206e-05	7.853043876012e-05
AACTCCAGAGCGTGTT-1	8.31207617267562e-05	0.0354825382279642	8.3120761726779e-05	0.061516053897142	8.31207617267554e-05	0.62447052632392	8.31207595763292e-05	8.31207617231136e-05	0.0622877961624242	8.31207617267364e-05	0.0083320636586466	8.31207617803885e-05	8.31207617267541e-05	0.0290527357861526	0.0603893780229892	8.31207621949131e-05	0.117720821066853
AACTCCTAATCCCATG-1	5.55175701641627e-05	5.55175701641633e-05	5.55175701641628e-05	5.55175701641621e-05	5.55175701623519e-05	0.762697016541162	5.55175670498652e-05	5.55175701641618e-05	5.5517570129862e-05	5.55175701641466e-05	0.0237159792564857	5.55175701901636e-05	5.83807875694275e-05	0.056899653500531	0.121546501004033	5.55175700401745e-05	0.0344717756416618
AACTCTCAATAGAGCG-1	5.94938301888842e-05	5.94938301889054e-05	5.94938301889045e-05	5.94938301889056e-05	5.94938301889061e-05	0.683123538588091	5.94938303210418e-05	5.94938301889004e-05	0.0419044696080535	5.94938301889088e-05	5.94938301889052e-05	5.94938302794027e-05	9.08120482433758e-05	0.0430799652036443	0.190703277761188	5.94938289581171e-05	0.0404435046597105
AACTCTCAGTGTGCTC-1	0.0269180237283179	0.00839070460592142	5.16460909867998e-05	0.0104513043709616	5.16460909867989e-05	0.8239918676622	5.16460927236508e-05	5.16460909867986e-05	5.16460909868039e-05	0.0793827145350367	0.0367838104897791	5.16460909868063e-05	5.16460909868003e-05	0.0135415946090718	5.16460909867992e-05	5.16460897728626e-05	7.51651793071624e-05
AACTGATATTAGGCCT-1	5.19614046896256e-05	0.0428376415283381	5.18573873974567e-05	0.0195323017433164	5.18573872678383e-05	0.844415945513678	5.18573873295843e-05	5.18573872678375e-05	5.18573872678092e-05	5.18573872678091e-05	0.028990521854606	5.18573854694648e-05	5.18573872677992e-05	5.18573872678082e-05	0.0635824107490248	5.18573843257824e-05	7.06433382176478e-05
AACTGGGTCCCGACGT-1	0.00859202357622507	5.05268484645621e-05	5.05268484645623e-05	5.05268484645571e-05	5.0526848464584e-05	0.885156318831397	5.05268474110081e-05	0.00526391680533501	5.05268484622558e-05	5.0526848464561e-05	0.0370973872173686	5.05268484644742e-05	5.46994861806977e-05	0.0260089705487418	0.0274229454972121	5.05268486375672e-05	0.00994899640224145
AACTGGGTTCGAGCCG-1	0.116905213303759	5.28581319393185e-05	0.00859794973092462	5.28581319393194e-05	5.28581319393111e-05	0.728012826170956	0.0141501209020037	5.28581319393072e-05	5.28581319393094e-05	0.0817555856742986	5.28581319393166e-05	5.28581319393192e-05	5.28581319393193e-05	0.0115518621139615	0.00824536494662141	5.28581319393226e-05	0.0303053539700216
AAGACCCAACTGAACA-1	0.00108322815643275	0.0295370803856441	5.37566463534012e-05	5.37566463533979e-05	5.37566463534036e-05	0.781942303639858	5.37566459811377e-05	5.37566463533965e-05	0.0543261761432809	5.37566463533876e-05	0.0581387495512315	5.37566463534246e-05	0.0010000009947203	0.0155160899186064	0.055180643649868	5.37566464043087e-05	0.00284567438985225
AAGACTGCAAGCTACT-1	0.0182405072532152	3.67075902410042e-05	3.65556163789876e-05	3.65556163789972e-05	3.65556163789987e-05	0.842202762945678	3.65556147519165e-05	3.65556164039676e-05	3.65556163790036e-05	0.0271415064570425	0.00353021851459683	3.65556163789944e-05	0.00735216110734406	0.0759210555854809	0.00874820101678178	3.65556167538865e-05	0.016534434599815
AAGAGCTCTTTATCGG-1	0.0924107927312635	5.24611561706469e-05	5.24611561706437e-05	5.24611561706472e-05	5.24611561701909e-05	0.812611313302485	5.24611564476967e-05	0.0163015537681065	5.24611561756088e-05	0.000779960225647949	5.24611561706468e-05	5.24611561706464e-05	0.0157251977783728	0.0109108964326801	5.24611561706558e-05	5.24611560739365e-05	0.0507356741995531
AAGAGGATGTACGCGA-1	3.40603249007256e-05	0.0209080368858209	0.00777403956153285	0.00991073870099469	3.40603249007242e-05	0.85772672799152	3.40603233938457e-05	3.40603249007251e-05	0.000996993456263894	3.40603249007255e-05	0.00594252703495147	3.40603249007209e-05	3.40603249007263e-05	0.02650500588379	0.0374693414990433	3.40603251918426e-05	0.032494106388093
AAGAGGCATGGATCGC-1	0.0693429899205401	5.37561445748475e-05	0.00412788546545306	5.23911061353421e-05	0.00355045306327034	0.868244030168279	4.98216845994817e-05	4.98216839492338e-05	4.98216839501061e-05	0.0146032176753264	0.00242975685744326	4.98216839492624e-05	0.000844794579928963	0.00927913264884665	4.98216839492672e-05	4.98216840557963e-05	0.0271726622657486
AAGAGGCCCTTTGGAA-1	7.77123238984524e-05	7.7712323898452e-05	0.00743389929049857	0.00250662607697805	7.77123239121771e-05	0.590273793239178	7.7712323892841e-05	7.77123238984513e-05	0.00104414957833111	7.77123238984524e-05	7.77123238984512e-05	7.77123238984378e-05	0.00358210439662199	0.121112815460067	0.137558560050431	7.77123237410163e-05	0.135788640992958
AAGATGGCACCGGACC-1	0.019330675381959	0.020123365913509	3.54246973569667e-05	3.73393656989633e-05	0.0121560576417458	0.813850327429192	3.54246953190676e-05	4.17328552190877e-05	0.0190677778554891	3.54246973569511e-05	0.0541593069845444	3.54246973016891e-05	3.54246973569603e-05	0.000294105412978405	0.0443480164628925	3.54246967788832e-05	0.0163787465153007
AAGATTGGCGGAACGT-1	5.32476815163276e-05	7.3577792731172e-05	5.32476815163284e-05	0.00491553230393025	5.32476815214402e-05	0.734378183318525	5.32476813346889e-05	5.32476815163279e-05	0.000526439446884206	0.00472924700136863	5.32476815163288e-05	5.32476815163324e-05	7.96910770804612e-05	0.0201874833607257	0.139973767308725	0.00355350539326862	0.0912098392263234
AAGCACCCTGCGTATC-1	0.00274659840558716	5.17515106193471e-05	0.00451058417719902	0.00164605122727184	5.17515106193427e-05	0.75120749275195	5.17515093818454e-05	5.17515106193391e-05	0.0280315032871932	0.0229347173769325	0.0226976321348598	0.024220834884959	6.69510898647262e-05	0.0240990309295572	0.0782150880513646	5.17515104042842e-05	0.0393647581316172
AAGCATACTCTCCTGA-1	3.4158365480347e-05	0.0325173609035151	3.41583654803652e-05	0.029466031792841	0.00403885740241257	0.837188816754969	3.4158364339084e-05	3.41583654803471e-05	0.00502965179546772	0.00917399176047185	0.0323593020018469	3.4158365433291e-05	3.7092203865958e-05	0.0122537777278373	0.0158321911934515	3.41583652812172e-05	0.0218979762718262
AAGCGCAGGGCTTTGA-1	5.27726772060739e-05	5.36521766672713e-05	5.27726772060789e-05	0.000397235129531535	0.0368722961257552	0.779892433511155	5.27726753452961e-05	5.27726772060667e-05	5.27726772060749e-05	0.0545726971886087	0.00803940644878965	5.27726772060878e-05	0.0215844418657327	0.0189595795460179	0.0791813236615337	5.27726766388412e-05	7.75256081941906e-05
AAGCGTCCCTCATCGA-1	0.0931065717323079	0.0159457419083938	5.32436930326431e-05	0.0434503064354246	5.32436930326225e-05	0.723512188603954	5.32436907643034e-05	0.0442379930783094	5.32436930326184e-05	0.0127850192279977	0.0577548665091065	5.32436930326011e-05	7.64297236683281e-05	5.32436930326189e-05	0.008674223427652	5.32436928661409e-05	8.39535043918279e-05
AAGCTAGATCGAGTAA-1	5.21819237736564e-05	0.00761436939599284	5.21819237736572e-05	0.0316171865905447	5.21819237736568e-05	0.905363253028658	5.21819242656934e-05	5.21819237736513e-05	0.00144414511569736	0.0161130335907334	5.55827890985279e-05	5.21819235833807e-05	0.00107124291697661	0.00914374240728504	0.0271234708773486	5.21819251255329e-05	8.8699819595471e-05
AAGCTCGTGCCAAGTC-1	5.38707567619559e-05	0.0070809975540229	5.38707567896025e-05	0.0121617603769889	5.38707567619582e-05	0.873446639875304	5.38707551655746e-05	5.38707567619738e-05	0.0173311282338319	5.38707567619559e-05	0.0494011265381744	5.38707570921408e-05	0.0282880772815028	0.011743244573056	6.00858375640476e-05	5.38707554269194e-05	5.59736780335704e-05
AAGCTCTTTCATGGTG-1	5.01913031347727e-05	5.08557853682501e-05	0.0069124276436735	0.00121447599619125	0.0450500727707954	0.713518343562624	5.01913027065601e-05	0.00067199604791326	0.000111045853858036	5.01913031347782e-05	5.01913031347782e-05	5.01913031347798e-05	5.01913031347704e-05	0.027458123813199	0.118597886428607	5.0191302753409e-05	0.086063432976636
AAGGAGCGGTTGGTGC-1	0.0754864992967233	0.0183689884595471	3.30581537227007e-05	3.30581537227033e-05	3.30581537227035e-05	0.730809903809349	3.30581520766772e-05	3.3058153722707e-05	3.30581537227025e-05	0.00920982027228385	0.111657116883703	3.30581537122225e-05	3.30581537227017e-05	0.00168425368232102	0.0132524304678788	3.30581546432138e-05	0.0392334637454265
AAGGATGAGGGACCTC-1	5.27017862780859e-05	5.27017862781025e-05	5.27017860626408e-05	5.27017862781014e-05	5.27017862751116e-05	0.707293870984526	5.27017837429208e-05	5.27017862781133e-05	5.27017862776173e-05	5.27017862781114e-05	5.27017862781016e-05	5.27017862781105e-05	5.27017862781018e-05	0.0684532446258131	0.129821534942753	5.27017857407362e-05	0.0937462262285844
AAGGCGCGTAAAGCTT-1	5.10507407942064e-05	5.30055809903246e-05	5.10507406342128e-05	5.10507407942044e-05	0.00820698444849971	0.754528558778052	5.10507430060656e-05	5.10507407942063e-05	5.10507408002925e-05	5.10507407942045e-05	5.1050740794204e-05	5.10507407942104e-05	5.10507407942036e-05	0.0183608927055096	0.0246393056116895	5.10507388517064e-05	0.193649694726407
AAGGCTGTGCTCATCG-1	0.067749756115292	0.0201621223074372	3.56256206385609e-05	3.56256206385784e-05	3.56256206385776e-05	0.847404505055331	3.56256212402041e-05	3.5625620638567e-05	3.56256206367398e-05	0.0392947399713965	0.0141596922227463	3.56256208953243e-05	0.0106483121471068	3.56256206385616e-05	0.000117205029070932	3.56256206389224e-05	0.000143036565014831
AAGGTATCCTAATATA-1	5.14865907446837e-05	5.66008795252863e-05	5.14865907443914e-05	0.011608694416196	0.00678002808736988	0.811770561885589	5.1486589260521e-05	5.14865907446788e-05	5.14865907446526e-05	5.1486590744685e-05	0.025790860091341	5.14865907446863e-05	7.54433042744398e-05	0.0176228445790938	0.125783588405518	5.14865901754613e-05	9.94856271887942e-05
AAGGTGATAAACCAGC-1	7.93041801059778e-05	0.0152272199776628	0.0181960472661364	0.0143809057648817	7.93041801059811e-05	0.652776897695355	7.93041803394327e-05	7.93041801059791e-05	0.0192149081520947	7.9304180105978e-05	0.0270006198683242	7.93041799396419e-05	0.00384238704481609	0.142177485032785	0.106549095756158	7.93041809771094e-05	7.93041801059734e-05
AAGTAGAAGACCGGGT-1	0.0365445178698562	0.0273290999347618	3.44250099453713e-05	0.0445521734657655	3.44250099453707e-05	0.798773920632895	0.00669046656404371	3.44250099453743e-05	0.0144401902247602	3.44250099453737e-05	0.0358550356865055	3.44250099453721e-05	0.00175854934187762	3.44250099629843e-05	3.77681503040507e-05	3.44250099453741e-05	0.0337773030595947
AAGTAGTGACGCGAGG-1	0.152827689024443	0.00912002607967439	7.41735062853365e-05	7.4173506285335e-05	0.0844346845509701	0.629897802861679	7.41735080216337e-05	7.41735062853354e-05	7.41735062853357e-05	0.0856377144668978	7.41735062853347e-05	7.41735062853073e-05	7.41735062853333e-05	7.41735062853346e-05	7.4173506285334e-05	7.41735061715229e-05	0.0372661744455746
AAGTGAGTCGGGTTTA-1	5.30520730435195e-05	0.0389769688367391	5.30520730435193e-05	0.0350240748998113	0.00979753305803816	0.844961581482887	5.3052073264658e-05	5.30520730435204e-05	5.30520730431272e-05	0.00770396839235661	0.036662045868767	5.30520730435318e-05	0.0118189919541998	0.0138967667201164	0.000733652202397578	5.30520731614126e-05	5.30520730435186e-05
AAGTGCGTTAGAATCT-1	7.79287188369098e-05	0.0594587002091926	7.79287188369101e-05	7.79287188369199e-05	0.104864267905909	0.608789600822927	7.79287178845978e-05	7.79287188369167e-05	7.79287188368973e-05	0.116190617004826	0.0400252948572087	7.79287188368754e-05	7.7928718836916e-05	0.00634793842101532	0.0635442935909954	7.79287193457609e-05	7.79287188369231e-05
AAGTGCTTCTCTATTG-1	8.0826040324949e-05	0.000112627659315159	8.08260403249323e-05	0.0143770901342991	8.08260403249514e-05	0.692270679816389	8.08260395973097e-05	8.0826040324972e-05	8.08260403249476e-05	0.15952806889036	0.0532529392690466	8.08260398828542e-05	8.08260403249577e-05	0.0284843345523893	8.08260403249562e-05	8.08260415674813e-05	0.0511659992748781
AAGTGTTTGGAGACGG-1	5.50144018447116e-05	5.50144018446803e-05	5.50144018446896e-05	5.50144018446893e-05	5.50144018441907e-05	0.678356862007033	0.00121409831809417	5.50144018446879e-05	0.0115399758605261	5.50144018447608e-05	0.00117407637033451	5.50144018446839e-05	0.0579090587907494	0.0537069148996035	0.133074490462419	5.50144017364995e-05	0.0625293936747467
AAGTTCACTCCAAGCT-1	7.72558786163714e-05	0.0240940635782065	0.0172773786596078	0.0471308767800849	0.0620782671268074	0.648020158238986	7.72558804067736e-05	7.72558786163687e-05	7.72558786163742e-05	7.72558786163694e-05	7.7255878616371e-05	0.00965331989605091	0.0226299320255863	0.0168581615228348	0.151614484853863	7.72558790926195e-05	0.00010256616539089
AAGTTCGGCCAACAGG-1	0.000606723033844483	0.00750591188341666	0.025729689650006	0.00716262875988281	3.56223413204395e-05	0.763702986550769	3.56223389726555e-05	0.00612432378710455	0.00134007117877611	3.56223413204405e-05	3.56223413204409e-05	3.56223413204474e-05	3.56223413204404e-05	0.060380777092979	0.0535810671161538	3.56223412583446e-05	0.0736164645602346
AAGTTGTGATGTTATA-1	5.2503337720568e-05	5.25033377205658e-05	5.25033377205686e-05	0.000975351207656595	5.25033377205708e-05	0.624448859541036	5.25033383197938e-05	5.25033377205763e-05	0.134570969058057	0.0112213424910636	0.0216548054194412	5.25033377205744e-05	0.05212127690877	0.0429733890494381	0.0895590275219326	5.25033378046737e-05	0.0220549521001567
AAGTTTATGGGCCCAA-1	7.72398529235864e-05	0.0264568715645659	0.000622097696689315	0.0138945468926461	0.00763278965276241	0.801356204099735	0.00243172275419188	7.72398529235883e-05	7.723985292358e-05	7.72398529235873e-05	0.0688525490372333	7.72398529235857e-05	0.0470745316111062	0.0120279230880087	0.0191100846327151	7.72398528046019e-05	7.72398529235836e-05
AATAACACTAGAACAA-1	5.30260067287695e-05	0.0573123280237041	5.3026006728772e-05	0.00038545426462266	0.0253952863025564	0.817111601551152	5.30260065405766e-05	5.30260067287724e-05	0.00246047965464896	5.30260067287724e-05	0.0111918556179453	5.30260065580973e-05	5.30260067287739e-05	0.014317816211102	0.0713479443152888	5.3026005508808e-05	5.30260067287864e-05
AATAAGTCCTCGAGAC-1	7.59733508491673e-05	0.112640018225169	7.59733508227439e-05	0.0369707496976512	7.59733508695816e-05	0.676716639056924	7.59733494755379e-05	7.59733508705145e-05	7.59733500005987e-05	7.59733508695488e-05	0.000166118046306078	7.59733508696868e-05	9.58941504711406e-05	0.123802683300384	0.0488390748162644	7.59733509425441e-05	8.50625512605102e-05
AATACCGGAGGGCTGT-1	0.0752444225589226	5.52924043703682e-05	5.52924043710175e-05	5.52924043703668e-05	5.52924043358101e-05	0.88371167098751	5.5292405698821e-05	5.52924043703748e-05	5.52924043926133e-05	5.52924043703669e-05	0.040176273554132	5.52924042010805e-05	5.52924043703653e-05	5.529240437424e-05	5.52924043703677e-05	5.52924026903007e-05	0.000148831643149694
AATAGAACAGAGTGGC-1	0.02746920842172	0.000340243736318854	5.50630492226178e-05	5.50630492226191e-05	5.50630492226178e-05	0.896489727604491	5.50630470647856e-05	0.000357452808899404	5.50630492228664e-05	0.0312115023513007	0.0434711652964891	5.5063049222606e-05	5.50630492226196e-05	5.50630492226193e-05	5.50630492226174e-05	5.50630492732751e-05	0.00011006929066157
AATAGAATCTGTTTCA-1	5.21371418538896e-05	8.79445095425569e-05	5.21371418540054e-05	6.15962082545842e-05	5.21371418539064e-05	0.455388032803835	5.21371403859926e-05	5.21371418168551e-05	0.0145188916731244	5.21371418539463e-05	0.329437806297657	5.21371418539235e-05	5.83182269344254e-05	0.0389622017647564	0.161015974238535	5.21371440338122e-05	5.21371418539322e-05
