Bcell	astrocyte	dendriticcell	endothelialcell	macrophage	malignantcell	mastcell	matureTcell	microglialcell	monocyte	muralcell	naturalkillercell	neuron	oligodendrocyte	oligodendrocyteprecursorcell	plasmacell	radialglialcell
AAACAAGTATCTCCCA-1	0.0543165654360731	5.05799819998444e-05	5.05799819998459e-05	0.0112355621465534	0.09661661316997	0.793762493634828	0.000286321524068649	0.00549342874939268	5.05799819998441e-05	0.0360260061714926	0.0017575424557007	5.05799820412816e-05	5.05799819998441e-05	5.54957789942744e-05	5.05799819998425e-05	5.05799822193021e-05	9.59110586668444e-05
AAACATTTCCCGGATT-1	5.25591279798358e-05	0.0699027123501473	5.25591279794456e-05	0.0236816733572381	0.0471078575844513	0.762451624549593	5.25591289497982e-05	5.25591279798195e-05	5.25591279798192e-05	0.0282229437162753	0.0680497951620339	5.25591279636708e-05	5.25591279798196e-05	5.25591279798197e-05	5.78019999052643e-05	5.25591275841164e-05	5.255912797982e-05
AAACCGGGTAGGTACC-1	8.56759328487591e-05	0.0771665420048528	0.0219320326206594	0.022068427891081	8.5675932848747e-05	0.439829327572252	8.56759347453958e-05	8.56759328375202e-05	0.0267404592069731	8.56759328487541e-05	8.56759328487577e-05	8.5675932848758e-05	0.31944965825085	0.0242886941361292	0.00878525493938401	8.56759322956637e-05	0.059054195913696
AAACCGTTCGTCCAGG-1	0.158716226247271	0.0263659069409516	7.78403904616939e-05	7.784039046169e-05	0.0434484242906747	0.517032165717471	0.00503568795225909	7.78403904616908e-05	7.78403904616914e-05	0.127696545923942	0.00385373751520138	7.78403904616372e-05	0.0153550220632124	0.00947273452978113	7.78403904616904e-05	7.78403904534696e-05	0.0924786660860128
AAACCTCATGAAGTTG-1	0.00692709033992043	0.0758393948068836	0.0228398891819054	0.0111298428463785	8.14122632658715e-05	0.533107986835304	0.00107357671030288	8.14122632625275e-05	0.0253488010224547	8.14122632616485e-05	8.14122632625878e-05	8.14122632625858e-05	0.218446605572008	0.0487949384612213	0.00295118693618002	8.14122632914491e-05	0.0530522137078338
AAACGAGACGGTTGAT-1	0.0458566859385364	4.98551780243574e-05	4.98551780243581e-05	4.98551780243576e-05	0.162860439534237	0.730612015894896	4.98551781855139e-05	4.98551780243549e-05	4.98551780243796e-05	0.0571619373094927	0.00286223805461079	4.98551779427276e-05	4.98551780243574e-05	4.98551780243588e-05	4.98551780243573e-05	4.98551775417915e-05	9.8276310362351e-05
AAACGTGTTCGCCCTA-1	5.13919240058848e-05	0.0784726890579713	5.13919240059016e-05	0.0194577749612472	0.0646254194803038	0.757552978156667	5.13919250560418e-05	5.13919240058845e-05	5.13919240058848e-05	0.0478325406263513	0.030616831119984	5.13919239575719e-05	0.000910989824814024	5.13919240058855e-05	5.95183192864935e-05	5.1391923355981e-05	6.01230609762194e-05
AAACTCGGTTCGCAAT-1	0.00010215216604069	0.148136198478786	0.00010215216617692	0.000102152166174442	0.000102152166174438	0.756785993475663	0.000102152163845593	0.000102152166174445	0.000102152166174445	0.0473196903981326	0.0346746126946283	0.00010215216599295	0.000102152166174432	0.000102152166174437	0.0118576789619044	0.000102152165609138	0.000102152166174433
AAACTGCTGGCTCCAA-1	7.34944116823868e-05	0.117511304046276	0.0186355666701063	0.00444831316268846	7.34944116823896e-05	0.745259610271534	0.00259384050908308	7.34944116823884e-05	0.0328226387018987	7.34944116823866e-05	0.026975909969777	7.34944116823914e-05	7.34944116823838e-05	0.00197867825407344	0.049173930231948	7.34944112813853e-05	8.57473012396973e-05
AAAGACTGGGCGCTTT-1	7.90684942170023e-05	0.0733348745156831	0.0170417199910843	0.0159355625604791	7.90684942169998e-05	0.580335563113494	7.9068493358624e-05	7.90684942169924e-05	0.0618342084714111	0.00505926976646166	7.9068494217003e-05	7.90684942072341e-05	0.115828557176687	0.0592340049589099	0.0226567389682375	7.90684939654303e-05	0.0481860210191533
AAAGGCTACGGACCAT-1	6.61112001048745e-05	0.0526096773906819	6.61112001982886e-05	6.61112003394793e-05	0.089085838753573	0.739455715263002	0.0149201406745434	6.61112002003219e-05	6.61112002002572e-05	6.61112002003273e-05	6.61112002003466e-05	6.61112002031264e-05	0.0117503016704518	6.61112002005948e-05	0.0914511030457097	6.61111999899967e-05	6.61112002003268e-05
AAAGGCTCTCGCGCCG-1	4.89868570201896e-05	0.0752845154944685	0.0122376456713717	0.00126452365161825	4.89868570201916e-05	0.87522911491678	0.00265401546788757	4.89868570201874e-05	0.00464286926797516	4.89868570201908e-05	0.0109555895822912	4.8986857038906e-05	4.89868570201916e-05	4.89868570201915e-05	0.0172538819051599	4.89868569723284e-05	8.59491863150415e-05
AAAGGGATGTAGCAAG-1	0.00422211910032291	0.0285705914453328	3.48461845755184e-05	0.0118668452015785	0.158011398267649	0.729632447180538	3.48461857891412e-05	3.48461845744359e-05	9.46800685535388e-05	0.0484910734492003	0.0058632899375719	3.48461847406825e-05	3.48461845755177e-05	4.15423866793403e-05	3.48461845755167e-05	3.48461838324019e-05	0.0129620896699105
AAAGGGCAGCTTGAAT-1	4.91013506335049e-05	0.0728250891336436	0.00351897609116581	0.0106698122581427	4.91013506335016e-05	0.841957613952633	4.91013504913123e-05	4.91013506332278e-05	0.0354613669484957	4.91013506334995e-05	0.00202064055145011	0.00225498466507072	4.91013506335021e-05	4.91013506335017e-05	0.0290509472040989	0.0014815563364236	0.000415303404583877
AAAGTAGCATTGCTCA-1	0.000119764907645483	0.12196320828792	0.0342212003407946	0.0207303038162724	0.000119764907645484	0.390101183108458	0.00206409130002593	0.00927240091406164	0.032112480591832	0.00480987830151616	0.0164754593989374	0.000119764907645489	0.164189924450157	0.0716342411691882	0.0602345329407039	0.000119764907842965	0.0717120357493537
AAAGTGTGATTTATCT-1	5.29102331943523e-05	0.0825520411498218	5.29102331934866e-05	0.000855362846492769	5.29102331947636e-05	0.850362879854055	5.29102328410728e-05	5.29102331943531e-05	0.00141816455262067	0.00360841791619044	0.0428293897316998	5.291023309467e-05	0.0012044363901145	5.29102331943529e-05	0.0166931154596706	5.29102342330599e-05	5.29102331943523e-05
AAAGTTGACTCCCGTA-1	5.99204591498213e-05	0.00561297624329884	4.90664455188216e-05	5.00553860359802e-05	0.0115560570902371	0.835152435918496	4.90664489104299e-05	0.0255373428015023	0.0247081789223283	0.0605405367393406	0.0362479207922789	4.90664455187616e-05	4.90664455188242e-05	4.90664455188222e-05	5.60573944361498e-05	4.90664444631795e-05	0.000184119577447706
AAATACCTATAAGCAT-1	5.06177997504225e-05	0.0831252658730048	5.06177997504505e-05	0.0506088667468782	5.06177997504517e-05	0.772620376231638	0.0344014876781381	5.06177997504536e-05	0.0186576860023455	5.06177997504541e-05	0.0139171083091103	5.06177996208453e-05	5.06177997504508e-05	5.06177997504506e-05	0.0260509000684448	5.06177991690635e-05	0.000162748893397379
AAATAGGGTGCTATTG-1	5.28175275781278e-05	0.141141334250155	5.28175275755011e-05	0.0031288094583202	5.28175275772858e-05	0.784909549822705	5.28175263930541e-05	5.28175275778306e-05	5.2817527577806e-05	5.281752757781e-05	0.0133144020955172	5.28175275746818e-05	5.2817527577802e-05	5.28175275778061e-05	0.0568720940442935	5.28175268437197e-05	5.28175275777995e-05
AAATCGTGTACCACAA-1	3.39965342552151e-05	0.147702102738947	3.39965342570239e-05	3.39965342552058e-05	3.39965342543145e-05	0.84149363970463	3.39965311779775e-05	3.39965342554527e-05	3.39965342508758e-05	3.39965342552036e-05	3.39965342552055e-05	3.39965342549067e-05	3.39965342552067e-05	0.00740634515171539	0.00290351232700313	3.39965341503357e-05	8.64416698284266e-05
AAATCTAGCCCTGCTA-1	0.0044907072107483	0.0285559156421806	3.42852359281743e-05	3.42852359281689e-05	3.42852359281693e-05	0.83269942084549	0.00016827461128002	3.42852359281732e-05	3.42852359281678e-05	0.0780856203132339	0.0118677610985178	3.42852359264677e-05	3.42852359281652e-05	3.428523592817e-05	3.42852359281682e-05	3.42852359213281e-05	0.0437894479192757
AAATGGTCAATGTGCC-1	5.01079721151242e-05	0.0102560401334525	0.0075808422038431	0.00367810163550272	5.01079721151261e-05	0.907469439598024	5.01079701696033e-05	0.000872427023892917	5.01079721157019e-05	0.00975632726181207	5.01079721151252e-05	5.0107972569306e-05	5.01079721151251e-05	0.00658726962912576	6.09360549224661e-05	5.01079744451872e-05	0.0533377526816646
AAATTAACGGGTAGCT-1	0.223210727486937	0.00262817282089966	7.44366401776791e-05	0.011008677816168	0.0400254892381209	0.554378846658153	7.44366402076523e-05	7.44366401776743e-05	7.44366401776704e-05	7.44366401776697e-05	0.00284276239234689	7.44366400800508e-05	0.00147239608247746	7.44366401776679e-05	7.44366401776631e-05	7.44366406864448e-05	0.163762997742857
AAATTACCTATCGATG-1	5.0093400393924e-05	0.126921370001048	5.00934003947556e-05	5.00934003939212e-05	0.00614914684182608	0.854657616096511	5.00933987969277e-05	5.00934003939206e-05	0.00263591555617964	0.0006009046049332	0.00295355382653256	0.00507141851720978	0.000533271450049913	5.00934003939208e-05	7.60559041578576e-05	5.00934003912604e-05	5.00934003939229e-05
AAATTGATAGTCCTTT-1	0.0204975071436601	0.0910125025265471	8.00347995306219e-05	0.0160484786594139	8.00347995301127e-05	0.202658370786138	0.00303893131036333	8.00347995306235e-05	0.0260630709509484	8.00347995306168e-05	0.0238309090433947	0.00188661187585859	0.368026535234253	0.145606849852222	0.0324710984878882	8.00347996479914e-05	0.0684589601315429
AAATTGGTGAGAAGCA-1	5.12941571317132e-05	0.0958227848316068	5.1294157131719e-05	6.11268890177549e-05	0.0479120662341058	0.770201267530474	5.12941565436125e-05	5.12941571317148e-05	5.15716490814575e-05	0.027760541265258	0.0575986510122525	5.12941574795426e-05	5.12941571317179e-05	5.12941571317173e-05	5.12941571317195e-05	5.12941567548598e-05	0.00013034317463496
AAATTTGCGGGTGTGG-1	8.2432990664656e-05	0.09877708948603	8.24329906646584e-05	0.0253112562241236	8.243299066466e-05	0.278524053476893	8.24329924213446e-05	0.00230492121029614	0.0543726282907741	0.00175331391796861	0.0268606539238835	8.24329906646771e-05	0.311008459835772	0.049510057053121	0.0106952047544495	8.24329905409377e-05	0.140387763881067
AACAACTGGTAGTTGC-1	5.29583969262016e-05	0.106659614655418	5.29583969257537e-05	0.0166749146921742	0.00994248076754995	0.817316762439807	5.29583984365737e-05	5.29583969262048e-05	0.0298607118030942	5.2958396926198e-05	0.00813226532391051	5.29583969261958e-05	5.29583969262002e-05	5.29583969261979e-05	0.0108679680031088	5.29583982324903e-05	6.86567397853175e-05
AACAATTACTCTACGC-1	5.24692567552043e-05	0.126241599560831	0.00596426880955328	0.00442362824482792	0.0238299636557361	0.681529899104213	5.24692569032004e-05	5.24692567552044e-05	5.24692567552045e-05	5.24692567552046e-05	0.00364530562971175	5.24692567552274e-05	0.0955959361159699	0.0155376071374211	6.10591935056207e-05	5.24692567896509e-05	0.0428034477507615
AACACACGCTCGCCGC-1	0.00200332366727868	0.0271429929788096	7.35901405763742e-05	7.35901405762134e-05	7.35901405762117e-05	0.792631314125816	7.35901395775688e-05	7.35901405762121e-05	7.35901405792626e-05	0.0185553516439849	7.35901405762132e-05	7.35901405762135e-05	7.3590140576214e-05	0.00514819428068992	7.35901405762117e-05	7.35901411234269e-05	0.153709331757531
AACACGAGACGCGGCC-1	0.0069384218505844	0.114264606906305	0.0253262861910518	0.0441814087043563	8.47821960274892e-05	0.23181310655922	8.47821941597798e-05	8.47821960274851e-05	0.0301723926575153	8.47821960274897e-05	0.0107328874618404	8.47821960225419e-05	0.321579683096684	0.0850319609337955	0.0393541669190309	8.47821965596652e-05	0.0900963855447926
AACAGGATGGGCCGCG-1	5.2157319931127e-05	0.100984784090026	0.0381995003737361	0.0160313203463921	5.21573199311195e-05	0.707714299509685	5.21573214048012e-05	5.21573199311288e-05	0.0529989615156838	5.21573199311209e-05	0.0177562857932151	5.21573199206503e-05	5.21573199311274e-05	5.21573199311289e-05	0.0657010081597691	5.21573198858544e-05	0.000144424330694873
AACATATCAACTGGTG-1	4.9334121090544e-05	0.111493013769441	4.93341210906042e-05	0.0192332539778975	0.0225490781808358	0.784888775147916	4.93341193228782e-05	4.93341211154175e-05	4.93341210905763e-05	0.0289906665411846	0.0277332545179437	4.93341210905957e-05	4.93341210905745e-05	0.00459530961487964	6.34934944837689e-05	4.93341215070823e-05	5.84817880194208e-05
AACATCGATACGTCTA-1	5.21964519609529e-05	0.0307749133279069	5.21964519604845e-05	5.21964519609489e-05	5.21964519609474e-05	0.79730683796929	5.21964597816313e-05	5.21964519609491e-05	0.0250921163813199	0.05982706783899	0.0863297844484644	5.219645196063e-05	5.2196451960949e-05	5.21964519609453e-05	5.21964519609494e-05	5.21964529501242e-05	9.51190536491887e-05
AACATTGTGACTCGAG-1	8.20539124578453e-05	0.0833797693506924	0.0098708462749588	7.06277949322641e-05	5.39195690826346e-05	0.716669448770639	0.00926763392192851	5.39195690826407e-05	0.0289149825177917	5.39195690826335e-05	0.0479792419550381	5.39195691413028e-05	5.39195690826288e-05	5.39195690826333e-05	0.0802081289280259	5.39195693388763e-05	0.0231798295896421
AACCAAGACTTCTCTG-1	5.43070371245387e-05	0.107874424987811	0.0467489533132777	0.0198861347069576	5.4307037124552e-05	0.491974145449765	5.43070352683491e-05	5.43070371245385e-05	0.026671541812134	5.43070371245367e-05	5.43070371245389e-05	5.43070371245595e-05	0.198149320660015	0.0327884345737056	0.00326445877827094	5.43070353081763e-05	0.0722081294247394
AACCCTACTGTCAATA-1	7.33644253943617e-05	0.0135991221581844	7.33644253943916e-05	0.0123273390306398	0.0422667883301209	0.788173317087546	7.33644324692846e-05	7.33644253943706e-05	7.33644253943658e-05	0.0691100681389685	0.0737163565725685	7.33644250643583e-05	7.33644253943672e-05	7.3364425394367e-05	7.33644253943663e-05	7.33644212835434e-05	7.33644253943669e-05
AACCGAGCTTGGTCAT-1	5.21625942151947e-05	0.1147632801877	5.21625942151931e-05	0.00326959083563732	0.00824263011972293	0.844121751064313	5.21625904509759e-05	0.00903288218087592	0.0140744614318373	5.21625942151943e-05	5.21625942151946e-05	5.21625942151959e-05	0.00192936412531821	0.00395634300262244	7.91395528872595e-05	5.21625942900608e-05	0.000165419343268924
AACCGCTAAGGGATGC-1	5.13043221451366e-05	0.107181639440954	5.13043221481939e-05	0.00970278580644999	0.0193517682285305	0.843222452669521	5.13043267936478e-05	5.13043221389639e-05	5.13043221451384e-05	5.13043221451306e-05	0.0124607211597677	5.13043221445296e-05	5.13043221451311e-05	0.00733927759388737	0.000223961772267595	5.13043217745489e-05	5.56544250418217e-05
AACCTCGCTTTAGCCC-1	0.0102571968601037	0.0227321339796289	5.01549096777262e-05	0.00678153619789622	0.0153055891988976	0.824762012845043	5.0154906849937e-05	5.0154909676474e-05	0.000140373040537539	0.0253510585365617	0.00740219542054095	5.01549096766648e-05	0.00136571375159398	0.00517445663576213	5.0154909677709e-05	5.01549099501695e-05	0.0804268040779257
AACCTTTAAATACGGT-1	5.3411253901784e-05	0.208530125211401	5.34112538987917e-05	5.34112539043894e-05	5.34112539043923e-05	0.756743121057209	5.3411259031019e-05	5.34112539043876e-05	5.34112538950666e-05	5.34112539054005e-05	0.0013971194891782	5.3411253930965e-05	5.34112539043899e-05	0.00838437856407824	0.0243043206261079	5.34112539410539e-05	5.34112539043901e-05
AACGATAATGCCGTAG-1	4.97566167125335e-05	0.0833048425572392	4.97566167125309e-05	0.0110185691982522	0.0297202832164754	0.80020035524177	0.0128396748518599	4.97566167125311e-05	0.0350927522974862	4.97566167125308e-05	0.0183196198539336	0.00293692648614728	4.97566167125311e-05	0.00103616553853729	0.00513107659160491	4.97566167507972e-05	0.000101194466380684
AACGATATGTCAACTG-1	7.70268885610206e-05	0.0458426374537064	7.70268885579766e-05	0.00864895979642427	7.70268885610218e-05	0.901685221559666	7.70268899778178e-05	0.0137207766186782	7.70268885625512e-05	7.70268885610209e-05	7.70268885610208e-05	7.7026888561017e-05	0.0072271339271849	0.014446565256334	0.00765843650039088	7.70268891512213e-05	7.70268885610366e-05
AACGCATGATCTGGGT-1	3.39795932612136e-05	0.152302552535056	3.39795932610676e-05	0.024345624054047	3.39795932613602e-05	0.806532892692081	3.3979593080886e-05	3.39795929860995e-05	3.39795932599319e-05	3.3979593261258e-05	0.0111112322011279	3.39795932612584e-05	3.3979593261259e-05	3.39795932612566e-05	0.00522927452728689	3.39795928706198e-05	0.000104648465374636
AACGCGGTCTCCAGCC-1	5.26644337928693e-05	0.10715875542827	5.26644337926404e-05	5.26644337928705e-05	0.0319211017096162	0.843468041619058	5.26644352371597e-05	5.26644338169071e-05	5.26644337928717e-05	5.26644337928735e-05	0.0166366102028159	5.26644337928698e-05	5.26644337928673e-05	5.26644337928707e-05	7.70303144409981e-05	5.26644334465657e-05	0.000159151952956274
AACGCTGTTGCTGAAA-1	0.168843546924615	0.00136833299736077	7.40117077682755e-05	7.40117077682631e-05	0.0333159716035437	0.600091932796888	7.40117135711338e-05	0.00796313575171462	0.0239988476973857	0.0897335477961113	0.0109328513158722	7.40117077682537e-05	7.40117077682615e-05	7.40117077682637e-05	7.40117077682713e-05	7.40117067677153e-05	0.0631597394495604
AACGGACGTACGTATA-1	5.13981520635507e-05	0.106892067178608	5.13981520638329e-05	0.00501091587679441	5.13981520629426e-05	0.857849494305877	5.1398148229771e-05	5.13981520635483e-05	0.000583629560077766	0.00111114632456492	5.13981520635487e-05	5.13981520635467e-05	6.58873367682561e-05	5.13981520635484e-05	5.13981520635462e-05	5.13981520730461e-05	0.0279728779004982
AACGGCCATCTCCGGT-1	0.0774114863486128	0.0582135527646647	0.0240801213947257	0.00412910763619651	0.215725749137222	0.503228038533317	7.6991130238298e-05	7.69911302334717e-05	0.000101168020180261	0.0113492353509981	0.00199241421917991	7.69911302680764e-05	0.0257552720806097	0.0202364380988854	7.69911302334709e-05	7.69911302334704e-05	0.0573924607642011
AACGTACTGTGGGTAC-1	0.00578371360395256	0.18033939138444	5.21356983486004e-05	0.0220408118645931	5.21356983486061e-05	0.65906322498173	0.00234474390037382	5.21356983486013e-05	0.0256916500258659	0.0251179597920972	5.34229556998864e-05	5.21356983698905e-05	6.05988306477802e-05	0.0515301562837591	0.0274773833807989	5.21356985147295e-05	0.000236264504111374
AACGTCAGACTAGTGG-1	8.33418276095538e-05	0.0684355296007887	8.33418276095583e-05	0.0149191964262363	0.0564097905019763	0.602514183964681	8.33418383438246e-05	8.33418276431724e-05	0.0163231431113399	0.0234353932198819	0.217129344888744	8.33418276095604e-05	8.33418276095582e-05	8.33418276095584e-05	8.33418276095601e-05	8.33418270977976e-05	8.33418276095578e-05
AACGTGCGAAAGTCTC-1	9.77130276000909e-05	0.026483697093359	0.00526647374757741	0.0178906347540526	0.0240019389477865	0.887112544574408	4.98366166222387e-05	0.00959065719817063	4.98366254374566e-05	0.00395358955779752	0.00458155585084364	4.98366254374386e-05	4.98366254374531e-05	4.98366254374525e-05	5.75667031607543e-05	4.98366254919186e-05	0.0206646088013802
AACTAGGCTTGGGTGT-1	5.2049246565917e-05	0.0892359231495548	0.00700473332201852	0.00748534191566845	5.20492465659175e-05	0.891752361068837	0.000321126614214892	5.2049246565916e-05	0.000182859337386323	5.2049246565917e-05	5.20492465659165e-05	5.20492465460026e-05	5.2289915303833e-05	0.00245745386435793	0.000911374542445392	5.20492466677956e-05	0.00023219154416943
AACTCAAGTTAATTGC-1	5.36141740129196e-05	0.0538381151285939	5.36141740108789e-05	5.36141740129335e-05	5.36141740129356e-05	0.891418441246305	5.36141738907348e-05	5.36141740129351e-05	5.36141740109466e-05	0.00435655742374067	0.0245322540747042	5.36141740129545e-05	0.00707258448340489	0.00209714520969833	6.68062453150821e-05	5.36141737050124e-05	0.0161355686225563
AACTCCAGAGCGTGTT-1	5.0992424176904e-05	0.0016427663034515	5.0992424175261e-05	0.00762929966789533	5.09924241769072e-05	0.866173292052294	5.09924265205283e-05	0.00126475351394599	5.09924241769131e-05	0.0443060857777844	0.0783998096101799	5.09924241768847e-05	5.09924241769075e-05	5.09924241769075e-05	5.09924241769114e-05	5.09924240122821e-05	7.40688305028365e-05
AACTCTCAATAGAGCG-1	0.146709231642348	6.9499908753809e-05	6.76899488616347e-05	0.00282500609252237	0.0655986873263532	0.53804343540917	6.76899519165977e-05	0.00456974604645699	6.76899488616281e-05	0.0371334719158133	0.0102571107537224	6.76899487209623e-05	6.76899488616281e-05	6.76899488616286e-05	6.76899488616302e-05	6.76899493663213e-05	0.194252291310547
AACTCTCAGTGTGCTC-1	0.046459295322593	8.40160222233166e-05	8.4016022223319e-05	0.0306403670912371	8.40160222233078e-05	0.556358250607198	8.40160251028927e-05	8.40160222233175e-05	0.0389130603645875	0.0570405681267637	0.022082434769481	8.40160220606064e-05	0.0980088703470102	0.0131415113718311	8.40160222233157e-05	8.40160223657219e-05	0.136683513818652
AACTGGGTCCCGACGT-1	5.26621437360957e-05	0.237959397763025	5.26621437357604e-05	0.0267125587014718	5.26621437360957e-05	0.669257003714224	5.26621410246266e-05	5.26621437360956e-05	0.0417207232738643	5.26621437360962e-05	0.0161904667673773	5.26621436546571e-05	5.26621437361004e-05	5.26621437360957e-05	0.00758056620134715	5.26621441224424e-05	5.2662143736097e-05
AACTTGCCCGTATGCA-1	4.97430389321639e-05	0.146368415871495	0.034081539149469	0.00274210343179038	4.97430389321645e-05	0.72881791758194	4.97430379631403e-05	4.97430389321626e-05	0.0328115558128677	4.97430389321634e-05	4.97430389321641e-05	0.00130731718981923	0.00863734401922272	0.017507103634736	7.30978763312511e-05	4.97430389759206e-05	0.0273054041607287
AAGACCCAACTGAACA-1	3.89198337420315e-05	0.0680390517430606	0.0105217431191848	3.8919833742036e-05	3.89198337420374e-05	0.779695662093284	3.89198343743592e-05	3.89198337377595e-05	0.0439860962484728	3.89198337420364e-05	0.039077291750961	3.89198337420359e-05	4.04195717090755e-05	4.83493644206695e-05	0.0236321161775186	3.89198324832479e-05	0.0346479112620827
AAGACTGCAAGCTACT-1	3.53288482964122e-05	0.113309841971997	3.53288482958836e-05	3.53288482964583e-05	3.53288482964584e-05	0.866942242977942	3.5328853117957e-05	3.53288482964633e-05	3.53288482979668e-05	3.53288482964576e-05	3.53288482964582e-05	3.53288482856164e-05	3.53288482964569e-05	3.53288482964584e-05	0.0192477645957874	3.53288478767212e-05	4.08754220282123e-05
AAGAGATGAATCGGTA-1	3.42940655302271e-05	0.118073555768384	0.0257884559278747	3.42940655302305e-05	3.42940655302363e-05	0.728190756530614	3.42940688831118e-05	3.42940655302302e-05	0.0762801393949528	3.42940655302335e-05	3.42940655302304e-05	3.42940655302304e-05	0.0329106822614418	0.0139637286182606	0.00273946349345951	3.42940665361357e-05	0.00174457141088196
AAGAGCTCTTTATCGG-1	0.0367937113087771	0.00866050657369508	5.24771328504727e-05	0.0133144278669492	0.069952840631261	0.792229705165403	5.24771328781464e-05	5.24771328504786e-05	5.24771328504727e-05	0.0335353815921156	5.24771328504705e-05	5.2477132909927e-05	0.00599346487064389	5.24771328504705e-05	5.34084585996535e-05	5.24771333564871e-05	0.0390467364691585
AAGAGGATGTACGCGA-1	5.56867883310325e-05	0.0964771194559594	0.0184299476685031	5.56867883310371e-05	5.56867883310407e-05	0.493244368346893	5.56867882652562e-05	5.56867883310287e-05	0.0196507120014546	5.56867883310334e-05	5.56867883310351e-05	5.56867883310383e-05	0.268668877598072	0.0222130004067411	7.44377505606257e-05	5.56867884635598e-05	0.0807403556767697
AAGAGGCATGGATCGC-1	0.0386662330085212	0.0349868366810886	5.09107947251945e-05	0.0174851126501707	0.0884785578159801	0.740572676741427	5.09107948034953e-05	5.09107947251951e-05	5.0910794725198e-05	0.0141245786487171	5.09107947251975e-05	5.09107948629647e-05	5.09107947251969e-05	5.09107947251975e-05	5.09107947251967e-05	5.09107969092864e-05	0.065176896504443
AAGATGGCACCGGACC-1	0.0741426978381882	0.0589582169051288	0.0206223382663348	0.142541038531019	0.000109594068468967	0.149695397294776	0.0581304423700242	0.00110229392671322	0.0369845419034095	0.000109594068468967	0.22387380253998	0.000109594068468968	0.16180422244056	0.0267541346720693	0.000123179732042289	0.00010959406833857	0.0448293173060099
AAGATTGGCGGAACGT-1	0.0461816104198851	0.0189569091300506	3.47976380357903e-05	3.47976380357816e-05	0.00856954449081509	0.845035264878699	3.47976438766298e-05	3.47976380357789e-05	3.4797638035779e-05	0.0468988021729832	3.47976380357811e-05	3.47976376585362e-05	3.47976380357797e-05	0.00375763805867839	3.47976380357791e-05	3.47976368401562e-05	0.0302522544642627
AAGCACCCTGCGTATC-1	5.13263033249389e-05	0.137749543808831	5.13263032837868e-05	0.0250370967645763	0.00644731570682279	0.807938032421549	5.13263040840434e-05	5.13263032962688e-05	5.13263032962728e-05	0.00306878553132252	0.00540388462980618	5.1326303296266e-05	5.26427032031215e-05	5.13263032962729e-05	0.0138407617039027	5.13263028122661e-05	5.13263032962714e-05
AAGCATACTCTCCTGA-1	5.05726332565463e-05	0.145076641487385	5.05726332565461e-05	0.00405158907841231	5.05726332565512e-05	0.750561868545862	5.05726336335333e-05	5.05726332565423e-05	0.0477834508553823	5.05726332565461e-05	5.05726332565463e-05	0.00557378993366595	5.05726332565438e-05	5.0572633256546e-05	0.0463906927561886	5.05726336638863e-05	5.62410097545673e-05
AAGCGTCCCTCATCGA-1	0.0393931557689533	0.145753203904775	8.05309289318323e-05	8.0530928931832e-05	8.05309289318298e-05	0.255915306241064	8.05309310111889e-05	8.05309289318434e-05	0.0440983923066868	8.05309289318231e-05	8.05309289318316e-05	8.05309289271753e-05	0.332992847608818	0.0588294305286465	0.0173852973313281	8.05309284487321e-05	0.104907587947751
AAGCTAGATCGAGTAA-1	3.36606294985004e-05	0.048425360350314	0.00123798076017912	0.00259511418106273	3.36606294995392e-05	0.921969428331941	3.36606294721169e-05	3.36606294985034e-05	0.00304055234706032	3.36606294993659e-05	0.0120258807119362	3.36606294984911e-05	3.36606294984908e-05	3.36606294984928e-05	0.0102434528319016	3.36606290586998e-05	0.000159284820582698
AAGCTCGTGCCAAGTC-1	5.06594344459002e-05	0.00956579462615166	5.06594344458923e-05	0.0160448773911095	0.0306803958906043	0.895978004446214	5.06594362577842e-05	5.06594343229019e-05	5.06594344459024e-05	5.06594344458979e-05	0.00320389466094151	5.0659434445897e-05	5.06594344458985e-05	5.38654106568479e-05	5.81572138687706e-05	5.06594342165637e-05	0.0439590754489804
AAGCTCTTTCATGGTG-1	5.28252225301331e-05	0.125458076522267	5.28252225301333e-05	0.00856709826448935	0.0376289487731761	0.748910874146497	5.28252158022114e-05	5.28252225293915e-05	0.0241802602211334	0.0011503533439274	5.28252225301326e-05	5.28252226257871e-05	5.28252225301325e-05	5.28252225301324e-05	0.0535761365090731	5.28252232986757e-05	5.28252225301332e-05
AAGGAGCGGTTGGTGC-1	0.12024738342622	0.0222853950640367	7.11955588123301e-05	7.11955588123265e-05	0.179578899782908	0.546207142807599	7.11955656528639e-05	7.11955588123213e-05	7.11955588123366e-05	0.0784527115220646	0.00210717154401847	7.11955586687283e-05	7.11955588123273e-05	0.0118356461195847	0.00619392551465653	7.11955584720628e-05	0.0325221597420568
AAGGATGAGGGACCTC-1	0.229202595396513	0.00320079326835813	7.26797244447905e-05	7.26797244453339e-05	0.00843728441900608	0.540184775922561	7.26797210862969e-05	7.26797244453338e-05	7.26797244433219e-05	0.00976453809436712	0.00775505418706027	7.26797244451902e-05	7.26797244453359e-05	7.26797244453328e-05	7.2679724445332e-05	7.26797244135688e-05	0.200728161471075
AAGGCGCGTAAAGCTT-1	5.0916811804317e-05	0.100995343921183	5.09168118045269e-05	0.0231238706914365	5.09168118043383e-05	0.764323240654732	5.09168069558963e-05	5.09168118280573e-05	0.0689799290010868	0.00965518890442403	0.0265670427318029	5.09168118043391e-05	5.0916811804338e-05	5.09168118043392e-05	0.00584621598436324	5.09168095570741e-05	5.09168118043432e-05
AAGGCTGTGCTCATCG-1	5.19875863157237e-05	0.0619669315239961	0.00199158820342477	5.19875863157234e-05	0.0701431645647376	0.824869719562787	5.19875863294015e-05	5.19875863189536e-05	0.000709706364460043	5.19875863157243e-05	0.0222725088570272	5.19875863157231e-05	5.19875863157235e-05	0.00463800160917867	0.0128980064150485	5.19875863425095e-05	9.44722087710774e-05
AAGGGACAGATTCTGT-1	0.0247272832691491	0.0599977392982759	5.04784301007186e-05	0.00634100171626329	0.0580408671201465	0.783198133295622	5.04784300587545e-05	5.0478430100712e-05	5.04784301007154e-05	0.0504490812019611	5.04784301007159e-05	5.04784301007165e-05	5.04784301007138e-05	5.04784301007158e-05	5.04784301007154e-05	5.04784301335568e-05	0.0167411097975839
AAGGTATCCTAATATA-1	0.178913833586521	0.0112414782375974	7.30117882507145e-05	0.0021419908601815	0.0623223769553049	0.602743562690614	7.30117882511614e-05	7.30117882507116e-05	7.30117882507064e-05	0.0561655985914236	7.30117882507103e-05	7.30117882506164e-05	7.30117882507105e-05	7.30117882507105e-05	7.30117882507087e-05	7.30117882197689e-05	0.085741041195881
AAGGTGATAAACCAGC-1	5.10729911516104e-05	0.132000957050389	5.10729911513073e-05	0.00911317138112563	5.1072991147831e-05	0.832230189491439	5.10729937342969e-05	0.00018347094725548	5.10729911565647e-05	5.10729911516069e-05	0.0256142948636201	5.10729911514054e-05	5.10729911516092e-05	0.000264727742593084	8.24586104319262e-05	5.10729901984244e-05	5.10729911516064e-05
AAGTAGTGACGCGAGG-1	0.0275639415124016	0.173294493793784	5.23423224031126e-05	0.00509213081899283	0.0154822624959931	0.65958081348274	5.23423224333779e-05	5.23423224031134e-05	0.0223516252228789	5.23423224031121e-05	5.23423224031126e-05	5.23423225344732e-05	0.0164340826610589	0.0196583633209829	5.23423224031129e-05	5.23423232747813e-05	0.0601235481109092
AAGTCAATTGTCGTCA-1	3.44858051178292e-05	0.0853803219573988	3.44858051178317e-05	0.0254891845561175	0.0573083525529492	0.740605679149854	0.0454144216341514	3.44858051178299e-05	3.44858051178299e-05	3.44858051178266e-05	3.53701888591587e-05	3.44858053122638e-05	0.0167458784616967	0.00446683278442274	0.0241430676088287	3.44858051376513e-05	0.000169490469682252
AAGTGACGACCGAATT-1	0.00801003798882162	0.256738886033281	0.010668730723967	0.0159977050182452	5.62499429532419e-05	0.404845551602448	5.62499436196452e-05	5.62499429531974e-05	0.018782401227027	5.62499429533065e-05	5.62499429532672e-05	5.62499429532739e-05	0.182258961519378	0.0472642426633739	0.00539844781647721	5.62499419947841e-05	0.0496412858066006
AAGTGAGTCGGGTTTA-1	8.52496606049687e-05	0.0734910040582392	0.000898228201944658	0.0113062781337118	8.5249660604766e-05	0.597600606685385	0.00885954196150558	8.52496606047942e-05	0.0623525913429973	8.52496606047787e-05	0.109219093231059	8.52496606730916e-05	0.0399042488853658	0.0111609586635849	0.022549337545604	8.52496602385145e-05	0.0621466133272712
AAGTGCGTTAGAATCT-1	5.46759820833921e-05	0.178333978682169	0.00718257751639976	0.0267407043697803	5.46759820838624e-05	0.188010796618829	0.000116257816491329	5.46759820833561e-05	0.00351423647278938	5.46759820760467e-05	5.46759820836256e-05	0.00714625861359168	0.40871405277284	0.107126796165774	8.60627086891709e-05	5.46759821008962e-05	0.0727002223701349
AAGTGTTTGGAGACGG-1	5.22921058533355e-05	0.146084439217407	5.22921058528506e-05	0.00759668946161991	0.0201372616159618	0.767607689795106	5.22921089310459e-05	5.22921058533473e-05	5.22921058533444e-05	5.2292105853346e-05	0.0167675292739694	5.22921057591353e-05	0.00235146009407723	5.22921058533458e-05	0.0389320094791014	5.22921070948003e-05	5.22921058533385e-05
AAGTTCACTCCAAGCT-1	0.117167537870966	0.0186511835925619	5.00925444020221e-05	5.00925444020281e-05	0.0739007348191251	0.649081591133572	5.00925526186554e-05	5.00925444020231e-05	5.0092544402042e-05	0.0256827957774784	5.00925444020278e-05	5.00925444020477e-05	5.00925444020332e-05	5.00925444020268e-05	5.00925444020285e-05	0.00528303781698527	0.109732193537075
AAGTTCAGTCTGCGTA-1	5.12356951928447e-05	0.0839157837924778	5.12356951928606e-05	0.0231647867038686	5.12356951928544e-05	0.746824134585246	5.1235698023778e-05	5.12356951915489e-05	0.0263285098014214	0.0795315959567695	0.0396247410238709	5.12356952142053e-05	5.12356951928539e-05	5.12356951928505e-05	5.77249596739237e-05	5.12356941849138e-05	9.16019180938298e-05
AAGTTCGGCCAACAGG-1	0.0160270205569128	0.102499895384652	0.000116466288231496	0.0143517358672922	0.000116466288231503	0.261163642512812	0.000116466288181166	0.000116466288231495	0.132443527121265	0.000116466288231496	0.00416773485242615	0.000116466288230933	0.147552470521249	0.190353118219366	0.000116466288231496	0.000116466288291963	0.130509124658164
AAGTTTATGGGCCCAA-1	6.32639519774479e-05	0.0435985218099426	6.32639519774405e-05	0.0444079634710467	0.00991605412378391	0.833257515488368	6.32639534687108e-05	6.3263952055903e-05	6.32639519774406e-05	6.32639519774364e-05	0.0563026700271728	6.32639504758586e-05	0.0117125890085813	8.33320790952121e-05	7.72506573267411e-05	6.32639514373862e-05	0.000137991719335254
AATAACAACGCTCGGC-1	0.00975413111010442	0.116738635999604	0.00186091773933393	0.00622440206178319	7.76207185658465e-05	0.569006752084678	7.76207185440613e-05	7.76207185658293e-05	0.07127530092264	7.76207185658381e-05	0.00609880512057393	7.76207185658334e-05	0.11364343536585	0.0316510023474112	7.76207185658357e-05	7.76207187565024e-05	0.0732032722178916
AATAACACTAGAACAA-1	8.11805211724996e-05	0.100818459130672	8.11805211724987e-05	8.11805211725002e-05	0.0433458020714788	0.609971315284092	8.1180523765176e-05	0.0246742233176423	8.11805211725016e-05	8.11805211725009e-05	0.0118985667008594	8.11805211725587e-05	0.073433152098135	0.0899313498493195	8.64047191066178e-05	8.11805216996836e-05	0.045191282656194
AATACAATGTTTCAGG-1	4.9327254351741e-05	0.0638214077839394	0.0262258714515535	0.0177385759048049	4.93272543517423e-05	0.772817153480907	4.93272497106809e-05	4.9327254351739e-05	0.0430866672649666	4.93272543517387e-05	0.0277732648445861	4.9327254233375e-05	0.00752267218300416	0.0028619870439652	0.0284366270050064	4.9327253722621e-05	0.00937048226219322
AATAGAACAGAGTGGC-1	0.090962797912292	0.0187818596685626	7.78506193127153e-05	0.00598127106298575	0.0608369759037483	0.744182893523502	7.78506190782166e-05	7.78506193127142e-05	0.0019753331857708	7.78506193127202e-05	0.0093822081532032	7.78506193389226e-05	7.78506193127187e-05	0.00777204159860246	7.78506193127215e-05	7.78506191774036e-05	0.0595018140371752
AATAGAATCTGTTTCA-1	7.63587199090076e-05	0.177163381863264	7.63587199085487e-05	0.0221833950486661	0.0378821142638061	0.669355472672125	7.63587198822955e-05	0.00110689194889075	7.63587199090224e-05	7.63587199090216e-05	0.0289793475330031	7.63587199032611e-05	7.63587199090234e-05	7.63587199090217e-05	0.0625658094712287	7.6358719867562e-05	7.63587199090221e-05
AATAGCTACCGCGTGC-1	5.30323581668349e-05	5.30323581668248e-05	5.30323581640532e-05	0.0182333183742828	5.30323581668249e-05	0.859822790071021	5.30323580793704e-05	5.30323581668262e-05	5.3032358164661e-05	0.0307715378098865	0.0342358393201796	5.3032358166526e-05	5.30323581668253e-05	5.30323581668251e-05	5.30323581668306e-05	5.30323581593189e-05	0.0563001261267285
AATAGTCCGTCCCGAC-1	4.99117506206171e-05	0.11475885919791	4.99117506213896e-05	0.0100735458774657	0.00996546665582405	0.800337772044358	0.0090547070280646	4.99117506206494e-05	0.00701789593093169	4.99117506206459e-05	0.0176280316485558	4.99117506426885e-05	4.99117506206466e-05	4.99117506206458e-05	0.0307145158611452	4.9911750757014e-05	4.99117506206439e-05
AATATCGAGGGTTCTC-1	5.15926447801689e-05	0.0791575037418017	5.15926447799767e-05	0.0239550392606839	0.0227634925166911	0.766391643355733	5.15926451086716e-05	5.15926447801391e-05	5.1592644780158e-05	0.0308655428857063	0.0762417200011969	5.15926447801646e-05	5.15926447801575e-05	5.15926447801569e-05	0.000109131789773719	5.15926450640841e-05	5.1592644780158e-05
AATATTGGAGTATTGA-1	0.0142182675062095	0.103687581792822	0.0135521893094637	0.00372987482476232	8.10642738411759e-05	0.553800406001578	8.10642738768592e-05	8.10642738406558e-05	0.0175744473449138	8.10642738406535e-05	8.10642738406518e-05	8.10642737898337e-05	0.0958414858756406	0.133972554200101	0.0133740532985476	8.10642737979143e-05	0.0496816899291338
AATCATGTAAAGACTC-1	5.0978831527741e-05	0.0933790842233377	5.09788315281445e-05	0.00269230153036303	0.0135537861593576	0.87097823537703	5.09788358435489e-05	0.00130279477278434	0.0109318059319723	5.09788315277395e-05	0.00610506853404602	5.09788314430132e-05	5.09788315277438e-05	5.09788315277428e-05	0.000596185279332098	5.09788321348139e-05	5.29075347166382e-05
AATCGCCTCAGCGCCA-1	5.07660654785987e-05	0.137544393495338	0.00238320064070059	0.00636625959755519	5.07660654778566e-05	0.817933725056144	5.07660608117798e-05	5.07660654784487e-05	0.00123375717127963	5.07660654785936e-05	5.0766065478595e-05	5.07660654673092e-05	0.00010374355989044	0.000328870180496271	0.0336491557147748	5.07660646714753e-05	5.07660654785985e-05
AATCTGCGTTGGGACG-1	7.44260854536733e-05	0.0666739918829563	7.44260854536616e-05	0.0317524016722377	0.0685689427820644	0.761029854745873	7.44260866797002e-05	7.44260854536616e-05	7.44260854536633e-05	0.0353993385908306	0.0344107056212924	7.44260854536662e-05	7.44260854536637e-05	0.00142050385093667	7.44260854536634e-05	7.44260834999267e-05	7.44260854536593e-05
AATGACAGCAATGTCT-1	0.00751844831897474	0.0441864967637204	0.010409312479312	0.00353657663778482	0.00928653346850172	0.366682959995046	8.81554253546767e-05	8.81554209731321e-05	0.0100498554157139	8.81554209731887e-05	8.81554209725722e-05	0.00952127621726965	0.368109683904712	0.0204203105258505	8.81554209731277e-05	8.81554210415485e-05	0.149749613742826
AATGACGTAGGATGTC-1	5.24500234741219e-05	0.124654810625482	0.000384225181162398	0.0075243583401765	0.0072424703076693	0.833823831381788	5.24500235392058e-05	5.24500234741096e-05	9.06524520378456e-05	5.24500234741118e-05	5.24500234741083e-05	5.24500235014923e-05	5.30396055183007e-05	0.00980581256467817	0.016001199353726	5.24500233499597e-05	5.24500234741068e-05
AATGACTGTCAGCCGG-1	0.146605559886579	7.64133709661533e-05	7.64133709693205e-05	0.0303863664923402	0.00392289583577398	0.676283824495704	7.6413373231187e-05	7.64133709661555e-05	7.6413370965757e-05	7.64133709661543e-05	0.0318554465232996	7.6413370688706e-05	7.64133709661513e-05	0.00436624308908307	7.64133709661538e-05	7.64133715997007e-05	0.105815529964935
AATGATGATACGCTAT-1	4.84634334000529e-05	0.139997245603804	0.00118532857110481	0.00216275420060024	0.00117056697143459	0.798276377819358	4.84634333739086e-05	4.84634333932661e-05	4.84634334008008e-05	0.00502452798777366	0.0084276196620011	4.84634334199263e-05	0.00184985220358914	0.00229183384247542	0.0392544425135064	4.8463433453444e-05	6.86700239111879e-05
AATGATGCGACTCCTG-1	4.88967155200374e-05	0.098142147370129	4.88967155189028e-05	4.88967155200125e-05	4.88967155200142e-05	0.88393188050154	4.88967154929573e-05	4.88967155200131e-05	4.88967155203427e-05	0.00626562254545124	0.0110184735264243	4.88967155408658e-05	4.88967155200173e-05	4.88967155200125e-05	5.51154712596919e-05	4.88967144825048e-05	4.88967155200103e-05
AATGCAACCGGGTACC-1	0.0138926533141465	0.0733981315276978	5.18586103730624e-05	0.0132844785901013	5.1858610373063e-05	0.809544566278691	5.1858610376341e-05	5.18586103715373e-05	0.00592209852856238	5.18586103730618e-05	0.0281784511396716	5.18586103725075e-05	5.18586103730624e-05	0.00543572361034539	9.54394964977005e-05	5.1858610457698e-05	0.0498335886312161
AATGCACCAAGCAATG-1	3.44630371814314e-05	0.186289225473087	3.44630371811974e-05	0.0295606779008885	0.0294846688589242	0.69773134097867	3.44630440374094e-05	3.44630371814305e-05	0.0279330782504013	0.0157668003108859	3.44630371814305e-05	3.44630372796874e-05	3.44630371814338e-05	3.51769709826053e-05	0.0128740089697946	3.44630375542923e-05	4.93179815881724e-05
AATGGTCCACCGTTCA-1	7.59040322303492e-05	0.095460950543042	0.026226443399762	0.0111850015336942	7.59040322303505e-05	0.660707885590026	7.59040316382712e-05	0.00204280180796355	0.029787743479868	7.5904032230359e-05	7.59040322303482e-05	7.59040322303502e-05	0.10311608748692	0.0176243845029685	9.61058471474392e-05	7.59040326441275e-05	0.0532212675831741
AATTAAAGGTCGGCGT-1	3.75861899116657e-05	0.0638849616385671	0.0250691937676403	0.0285527722248643	3.75861899116644e-05	0.784411411754718	3.75861885362532e-05	3.75861899116654e-05	0.019098999219092	0.00119659693300879	0.0142023247614588	3.75861903345143e-05	0.0261364723783118	3.75861899116644e-05	0.0111972738083574	3.75861899675518e-05	0.0259868901854963
